#lines that start with # are comments 
#values are seperated by commas (,)
#objective for scene
#GTO game type objective (0-Height/distance obj, 1-Land on gameobject name, 2-Pass checkpoints, 3-Grab object and get to designated end point)
GTO,0
#OBJ,Scene title, GET Height (+or-), Land start, Land End
OBJ,kHouse= mK?,40,440,480
#CLD,Cloud Height
CLD,68
#WTH, Weather 0-99 higher number more clouds/rain
WTH,20
#WND, Wind level -4000 to 4000
WND,700
#RAD, RADIOSITy level 0 to 1
RAD,1
#RAB, Background Radiosit leve 0 to 1
RAB,1
#FPS, target fps for the scene
FPS,96
#GRX, gravity scale x
GRX,0
#GRY, gravity scale y
GRY,-9.81
# Prefab,LayerOrder,StartX,EndX,StartY,EndY
ground/gbrick,0,292.29,294.85,0.53,3.09,4,4,0
ground/gbrick,0,297.42,299.98,0.53,3.09,4,4,0
ground/gbrick,0,307.65,310.21,0.51,3.07,4,4,0
ground/gbrick,0,302.52,305.08,0.51,3.07,4,4,0
ground/gbrick,0,323.01,325.57,0.43,2.99,4,4,0
ground/gbrick,0,317.91,320.47,0.45,3.01,4,4,0
ground/gbrick,0,328.14,330.7,0.43,2.99,4,4,0
ground/gbrick,0,312.78,315.34,0.45,3.01,4,4,0
ground/gbrick,0,348.55,351.11,0.49,3.05,4,4,0
ground/gbrick,0,343.42,345.98,0.49,3.05,4,4,0
ground/gbrick,0,333.19,335.75,0.51,3.07,4,4,0
ground/gbrick,0,338.32,340.88,0.51,3.07,4,4,0
ground/gbrick,0,353.64,356.2,0.48,3.04,4,4,0
ground/gbrick,0,369,371.56,0.46,3.02,4,4,0
ground/gbrick,0,358.77,361.33,0.48,3.04,4,4,0
ground/gbrick,0,363.87,366.43,0.46,3.02,4,4,0
ground/gbrick,0,379.12,381.68,0.48,3.04,4,4,0
ground/gbrick,0,389.35,391.91,0.46,3.02,4,4,0
ground/gbrick,0,373.99,376.55,0.48,3.04,4,4,0
ground/gbrick,0,384.22,386.78,0.46,3.02,4,4,0
ground/gbrick,0,409.89,412.45,0.36,2.92,4,4,0
ground/gbrick,0,394.53,397.09,0.38,2.94,4,4,0
ground/gbrick,0,404.76,407.32,0.36,2.92,4,4,0
ground/gbrick,0,399.66,402.22,0.38,2.94,4,4,0
ground/gbrick,0,430.05,432.61,0.26,2.82,4,4,0
ground/gbrick,0,419.82,422.38,0.28,2.84,4,4,0
ground/gbrick,0,414.69,417.25,0.28,2.84,4,4,0
ground/gbrick,0,424.92,427.48,0.26,2.82,4,4,0
ground/gbrick,0,434.95,437.51,0.57,3.13,4,4,0
ground/gbrick,0,445.18,447.74,0.55,3.11,4,4,0
ground/gbrick,0,450.31,452.87,0.55,3.11,4,4,0
ground/gbrick,0,440.08,442.64,0.57,3.13,4,4,0
ground/gbrick,0,465.53,468.09,0.23,2.79,4,4,0
ground/gbrick,0,470.66,473.22,0.23,2.79,4,4,0
ground/gbrick,0,460.43,462.99,0.25,2.81,4,4,0
ground/gbrick,0,455.3,457.86,0.25,2.81,4,4,0
ground/gbrick,0,480.78,483.34,0.33,2.89,4,4,0
ground/gbrick,0,491.01,493.57,0.31,2.87,4,4,0
ground/gbrick,0,485.88,488.44,0.31,2.87,4,4,0
ground/gbrick,0,475.65,478.21,0.33,2.89,4,4,0
ground/gbrick,0,510.59,513.15,0.00999999,2.57,4,4,0
ground/gbrick,0,505.6,508.16,-0.09,2.47,4,4,0
ground/gbrick,0,495.37,497.93,-0.07000002,2.49,4,4,0
ground/gbrick,0,515.72,518.28,0.00999999,2.57,4,4,0
ground/gbrick,0,500.47,503.03,-0.09,2.47,4,4,0
ground/gbrick,0,520.82,523.38,-0.01,2.55,4,4,0
ground/gbrick,0,525.95,528.51,-0.00999999,2.55,4,4,0
ground/gbrick,0,546.17,548.73,0.00999999,2.57,4,4,0
ground/gbrick,0,551.3,553.86,0.00999999,2.57,4,4,0
ground/gbrick,0,561.53,564.09,-0.00999999,2.55,4,4,0
ground/gbrick,0,556.4,558.96,-0.01,2.55,4,4,0
ground/gbrick,0,536.0499,538.6099,-0.09,2.47,4,4,0
ground/gbrick,0,541.1799,543.7399,-0.09,2.47,4,4,0
ground/gbrick,0,530.95,533.51,-0.07000002,2.49,4,4,0
ground/gbrick,0,530.37,532.93,4.92,7.48,4,4,0
ground/gbrick,0,540.6,543.16,4.9,7.46,4,4,0
ground/gbrick,0,535.47,538.03,4.9,7.46,4,4,0
ground/gbrick,0,555.82,558.38,4.98,7.54,4,4,0
ground/gbrick,0,560.95,563.51,4.98,7.54,4,4,0
ground/gbrick,0,550.72,553.28,5,7.56,4,4,0
ground/gbrick,0,545.59,548.15,5,7.56,4,4,0
ground/gbrick,0,511.0901,513.6501,5.2,7.76,4,4,0
ground/gbrick,0,506.1,508.66,5.1,7.66,4,4,0
ground/gbrick,0,526.4501,529.0101,5.179999,7.739999,4,4,0
ground/gbrick,0,521.3201,523.8801,5.179999,7.739999,4,4,0
ground/gbrick,0,500.97,503.53,5.099999,7.659999,4,4,0
ground/gbrick,0,516.2201,518.7801,5.2,7.76,4,4,0
ground/gbrick,0,495.87,498.43,5.12,7.68,4,4,0
ground/gbrick,0,485.8501,488.4101,5.369999,7.929999,4,4,0
ground/gbrick,0,490.9801,493.5401,5.369999,7.929999,4,4,0
ground/gbrick,0,475.6201,478.1801,5.39,7.95,4,4,0
ground/gbrick,0,470.63,473.19,5.29,7.85,4,4,0
ground/gbrick,0,480.7501,483.3101,5.39,7.95,4,4,0
ground/gbrick,0,460.4,462.96,5.31,7.87,4,4,0
ground/gbrick,0,465.5,468.06,5.289999,7.849999,4,4,0
ground/gbrick,0,429.83,432.39,5.19,7.75,4,4,0
ground/gbrick,0,439.95,442.51,5.29,7.85,4,4,0
ground/gbrick,0,424.73,427.29,5.210001,7.770001,4,4,0
ground/gbrick,0,445.0801,447.6401,5.29,7.85,4,4,0
ground/gbrick,0,450.1801,452.7401,5.27,7.83,4,4,0
ground/gbrick,0,455.3101,457.8701,5.27,7.83,4,4,0
ground/gbrick,0,434.96,437.52,5.190001,7.750001,4,4,0
ground/gbrick,0,415.29,417.85,4.88,7.44,4,4,0
ground/gbrick,0,389.84,392.4,4.820001,7.380001,4,4,0
ground/gbrick,0,405.06,407.62,4.900001,7.460001,4,4,0
ground/gbrick,0,410.19,412.75,4.900001,7.460001,4,4,0
ground/gbrick,0,420.42,422.98,4.88,7.44,4,4,0
ground/gbrick,0,394.9399,397.4999,4.8,7.36,4,4,0
ground/gbrick,0,400.0699,402.6299,4.800001,7.360001,4,4,0
ground/gbrick,0,385.1401,387.7001,5.069999,7.629999,4,4,0
ground/gbrick,0,380.0101,382.5701,5.069999,7.629999,4,4,0
ground/gbrick,0,354.56,357.12,5.01,7.57,4,4,0
ground/gbrick,0,374.9101,377.4701,5.09,7.65,4,4,0
ground/gbrick,0,364.79,367.35,4.99,7.55,4,4,0
ground/gbrick,0,359.66,362.22,4.989999,7.549999,4,4,0
ground/gbrick,0,369.7801,372.3401,5.09,7.65,4,4,0
ground/gbrick,0,349.57,352.13,5.46,8.02,4,4,0
ground/gbrick,0,344.44,347,5.46,8.02,4,4,0
ground/gbrick,0,318.99,321.55,5.400001,7.960001,4,4,0
ground/gbrick,0,334.21,336.77,5.48,8.04,4,4,0
ground/gbrick,0,324.0899,326.6499,5.38,7.94,4,4,0
ground/gbrick,0,329.2199,331.7799,5.380001,7.940001,4,4,0
ground/gbrick,0,339.34,341.9,5.48,8.04,4,4,0
ground/gbrick,0,287.36,289.92,0.63,3.19,4,4,0
ground/gbrick,0,309.4501,312.0101,5.75,8.309999,4,4,0
ground/gbrick,0,299.2201,301.7801,5.77,8.33,4,4,0
ground/gbrick,0,314.5801,317.1401,5.75,8.309999,4,4,0
ground/gbrick,0,282.26,284.82,0.6500006,3.210001,4,4,0
ground/gbrick,0,294.23,296.79,5.67,8.23,4,4,0
ground/gbrick,0,304.3501,306.9101,5.77,8.33,4,4,0
ground/gbrick,0,287.01,289.57,5.5,8.059999,4,4,0
ground/gbrick,0,292.11,294.67,5.48,8.04,4,4,0
ground/gbrick,0,292.63,295.19,19.15,21.71,4,4,0
ground/gbrick,0,292.46,295.02,24.39,26.95,4,4,0
ground/gbrick,0,292.57,295.13,29.52,32.08,4,4,0
ground/gbrick,0,292.57,295.13,34.65,37.21,4,4,0
ground/gbrick,0,292.51,295.07,50.05,52.61,4,4,0
ground/gbrick,0,292.57,295.13,39.68,42.24,4,4,0
ground/gbrick,0,292.4,294.96,44.92,47.48,4,4,0
ground/gbrick,0,292.51,295.07,55.18,57.74,4,4,0
ground/gbrick,0,292.8,295.36,81.4,83.96,4,4,0
ground/gbrick,0,292.86,295.42,71.03,73.59,4,4,0
ground/gbrick,0,292.8,295.36,86.53,89.09,4,4,0
ground/gbrick,0,292.69,295.25,76.27,78.82999,4,4,0
ground/gbrick,0,293.06,295.62,91.8,94.36,4,4,0
ground/gbrick,0,293,295.56,107.3,109.86,4,4,0
ground/gbrick,0,292.89,295.45,97.04001,99.60001,4,4,0
ground/gbrick,0,293,295.56,102.17,104.73,4,4,0
ground/gbrick,0,297.66,300.22,91.63,94.18999,4,4,0
ground/gbrick,0,297.6,300.16,102,104.56,4,4,0
ground/gbrick,0,297.49,300.05,96.87,99.43,4,4,0
ground/gbrick,0,297.6,300.16,107.13,109.69,4,4,0
ground/gbrick,0,302.44,305,101.87,104.43,4,4,0
ground/gbrick,0,302.33,304.89,96.74001,99.30001,4,4,0
ground/gbrick,0,302.5,305.06,91.5,94.06,4,4,0
ground/gbrick,0,302.44,305,107,109.56,4,4,0
ground/gbrick,0,307.44,310,101.77,104.33,4,4,0
ground/gbrick,0,307.5,310.06,91.4,93.96,4,4,0
ground/gbrick,0,307.33,309.89,96.64001,99.2,4,4,0
ground/gbrick,0,307.44,310,106.9,109.46,4,4,0
ground/gbrick,0,321.7,324.26,91.9,94.46,4,4,0
ground/gbrick,0,326.64,329.2,107.3,109.86,4,4,0
ground/gbrick,0,316.8,319.36,102.4,104.96,4,4,0
ground/gbrick,0,316.8,319.36,107.53,110.09,4,4,0
ground/gbrick,0,316.86,319.42,92.03,94.59,4,4,0
ground/gbrick,0,312.2,314.76,102.57,105.13,4,4,0
ground/gbrick,0,326.53,329.09,97.04001,99.60001,4,4,0
ground/gbrick,0,312.09,314.65,97.44001,100,4,4,0
ground/gbrick,0,312.2,314.76,107.7,110.26,4,4,0
ground/gbrick,0,321.64,324.2,107.4,109.96,4,4,0
ground/gbrick,0,312.26,314.82,92.2,94.75999,4,4,0
ground/gbrick,0,316.69,319.25,97.27,99.82999,4,4,0
ground/gbrick,0,326.64,329.2,102.17,104.73,4,4,0
ground/gbrick,0,321.53,324.09,97.14001,99.7,4,4,0
ground/gbrick,0,326.7,329.26,91.8,94.36,4,4,0
ground/gbrick,0,321.64,324.2,102.27,104.83,4,4,0
ground/gbrick,0,346.5,349.06,96.7,99.25999,4,4,0
ground/gbrick,0,341.67,344.23,91.55999,94.11999,4,4,0
ground/gbrick,0,346.61,349.17,101.83,104.39,4,4,0
ground/gbrick,0,346.61,349.17,106.96,109.52,4,4,0
ground/gbrick,0,332.17,334.73,102.23,104.79,4,4,0
ground/gbrick,0,341.61,344.17,101.93,104.49,4,4,0
ground/gbrick,0,332.23,334.79,91.85999,94.41999,4,4,0
ground/gbrick,0,336.66,339.22,96.92999,99.48999,4,4,0
ground/gbrick,0,346.67,349.23,91.45999,94.01999,4,4,0
ground/gbrick,0,336.77,339.33,107.19,109.75,4,4,0
ground/gbrick,0,341.5,344.06,96.8,99.36,4,4,0
ground/gbrick,0,332.17,334.73,107.36,109.92,4,4,0
ground/gbrick,0,332.06,334.62,97.1,99.66,4,4,0
ground/gbrick,0,341.61,344.17,107.06,109.62,4,4,0
ground/gbrick,0,336.77,339.33,102.06,104.62,4,4,0
ground/gbrick,0,336.83,339.39,91.68999,94.24998,4,4,0
ground/gbrick,0,351.4,353.96,107.36,109.92,4,4,0
ground/gbrick,0,351.46,354.02,91.85999,94.41999,4,4,0
ground/gbrick,0,365.84,368.4,101.83,104.39,4,4,0
ground/gbrick,0,355.89,358.45,96.92999,99.48999,4,4,0
ground/gbrick,0,360.84,363.4,101.93,104.49,4,4,0
ground/gbrick,0,356.06,358.62,91.68999,94.24998,4,4,0
ground/gbrick,0,365.73,368.29,96.7,99.25999,4,4,0
ground/gbrick,0,360.73,363.29,96.8,99.36,4,4,0
ground/gbrick,0,351.4,353.96,102.23,104.79,4,4,0
ground/gbrick,0,356,358.56,107.19,109.75,4,4,0
ground/gbrick,0,351.29,353.85,97.1,99.66,4,4,0
ground/gbrick,0,360.84,363.4,107.06,109.62,4,4,0
ground/gbrick,0,356,358.56,102.06,104.62,4,4,0
ground/gbrick,0,365.9,368.46,91.45999,94.01999,4,4,0
ground/gbrick,0,360.9,363.46,91.55999,94.11999,4,4,0
ground/gbrick,0,365.84,368.4,106.96,109.52,4,4,0
ground/gbrick,0,357.56,360.12,71.43,73.99,4,4,0
ground/gbrick,0,357.5,360.06,86.93,89.49,4,4,0
ground/gbrick,0,366.83,369.39,76.37,78.93,4,4,0
ground/gbrick,0,371.94,374.5,81.4,83.96,4,4,0
ground/gbrick,0,371.94,374.5,86.53,89.09,4,4,0
ground/gbrick,0,357.5,360.06,81.8,84.36,4,4,0
ground/gbrick,0,372,374.56,71.03,73.59,4,4,0
ground/gbrick,0,362.1,364.66,86.75999,89.31998,4,4,0
ground/gbrick,0,367,369.56,71.13,73.68999,4,4,0
ground/gbrick,0,366.94,369.5,81.5,84.06,4,4,0
ground/gbrick,0,362.16,364.72,71.25999,73.81998,4,4,0
ground/gbrick,0,366.94,369.5,86.63,89.18999,4,4,0
ground/gbrick,0,362.1,364.66,81.63,84.18999,4,4,0
ground/gbrick,0,371.83,374.39,76.27,78.82999,4,4,0
ground/gbrick,0,357.39,359.95,76.67001,79.23001,4,4,0
ground/gbrick,0,361.99,364.55,76.5,79.06,4,4,0
ground/gbrick,0,530.02,532.58,93.85999,96.41999,4,4,0
ground/gbrick,0,559.03,561.59,109.13,111.69,4,4,0
ground/gbrick,0,559.03,561.59,104,106.56,4,4,0
ground/gbrick,0,510.05,512.61,94.2,96.75999,4,4,0
ground/gbrick,0,486.08,488.64,99.21001,101.77,4,4,0
ground/gbrick,0,534.6899,537.2499,98.97,101.53,4,4,0
ground/gbrick,0,490.85,493.41,93.8,96.36,4,4,0
ground/gbrick,0,490.79,493.35,104.17,106.73,4,4,0
ground/gbrick,0,519.83,522.39,104.34,106.9,4,4,0
ground/gbrick,0,486.19,488.75,104.34,106.9,4,4,0
ground/gbrick,0,495.69,498.25,93.67001,96.23001,4,4,0
ground/gbrick,0,514.83,517.39,109.57,112.13,4,4,0
ground/gbrick,0,525.42,527.98,94.03,96.59,4,4,0
ground/gbrick,0,514.89,517.45,94.07001,96.63,4,4,0
ground/gbrick,0,544.59,547.15,109.53,112.09,4,4,0
ground/gbrick,0,534.8,537.36,104.1,106.66,4,4,0
ground/gbrick,0,529.96,532.52,109.36,111.92,4,4,0
ground/gbrick,0,554.09,556.65,93.73,96.29,4,4,0
ground/gbrick,0,525.36,527.92,109.53,112.09,4,4,0
ground/gbrick,0,539.8,542.36,104,106.56,4,4,0
ground/gbrick,0,505.39,507.95,109.87,112.43,4,4,0
ground/gbrick,0,559.09,561.65,93.63,96.18999,4,4,0
ground/gbrick,0,553.9199,556.4799,98.97,101.53,4,4,0
ground/gbrick,0,534.8,537.36,109.23,111.79,4,4,0
ground/gbrick,0,554.03,556.59,109.23,111.79,4,4,0
ground/gbrick,0,495.63,498.19,104.04,106.6,4,4,0
ground/gbrick,0,549.25,551.81,93.85999,96.41999,4,4,0
ground/gbrick,0,519.83,522.39,109.47,112.03,4,4,0
ground/gbrick,0,500.63,503.19,109.07,111.63,4,4,0
ground/gbrick,0,529.85,532.41,99.1,101.66,4,4,0
ground/gbrick,0,554.03,556.59,104.1,106.66,4,4,0
ground/gbrick,0,529.96,532.52,104.23,106.79,4,4,0
ground/gbrick,0,514.83,517.39,104.44,107,4,4,0
ground/gbrick,0,509.99,512.55,109.7,112.26,4,4,0
ground/gbrick,0,549.1899,551.7499,109.36,111.92,4,4,0
ground/gbrick,0,539.86,542.42,93.63,96.18999,4,4,0
ground/gbrick,0,549.08,551.64,99.1,101.66,4,4,0
ground/gbrick,0,509.99,512.55,104.57,107.13,4,4,0
ground/gbrick,0,544.65,547.21,94.03,96.59,4,4,0
ground/gbrick,0,486.19,488.75,109.47,112.03,4,4,0
ground/gbrick,0,495.52,498.08,98.91001,101.47,4,4,0
ground/gbrick,0,495.63,498.19,109.17,111.73,4,4,0
ground/gbrick,0,505.28,507.84,99.61002,102.17,4,4,0
ground/gbrick,0,500.69,503.25,93.57001,96.13,4,4,0
ground/gbrick,0,539.6899,542.2499,98.87,101.43,4,4,0
ground/gbrick,0,490.68,493.24,99.04001,101.6,4,4,0
ground/gbrick,0,490.79,493.35,109.3,111.86,4,4,0
ground/gbrick,0,505.39,507.95,104.74,107.3,4,4,0
ground/gbrick,0,519.72,522.28,99.21001,101.77,4,4,0
ground/gbrick,0,525.36,527.92,104.4,106.96,4,4,0
ground/gbrick,0,544.59,547.15,104.4,106.96,4,4,0
ground/gbrick,0,525.25,527.81,99.27,101.83,4,4,0
ground/gbrick,0,549.1899,551.7499,104.23,106.79,4,4,0
ground/gbrick,0,505.45,508.01,94.37001,96.93001,4,4,0
ground/gbrick,0,500.52,503.08,98.81001,101.37,4,4,0
ground/gbrick,0,534.86,537.42,93.73,96.29,4,4,0
ground/gbrick,0,558.9199,561.4799,98.87,101.43,4,4,0
ground/gbrick,0,539.8,542.36,109.13,111.69,4,4,0
ground/gbrick,0,500.63,503.19,103.94,106.5,4,4,0
ground/gbrick,0,544.48,547.04,99.27,101.83,4,4,0
ground/gbrick,0,519.89,522.45,93.97001,96.53001,4,4,0
ground/gbrick,0,486.25,488.81,93.97001,96.53001,4,4,0
ground/gbrick,0,509.88,512.44,99.44001,102,4,4,0
ground/gbrick,0,514.72,517.28,99.31001,101.87,4,4,0
ground/gbrick,0,545.4399,547.9999,89.4,91.96,4,4,0
ground/gbrick,0,545.33,547.89,79.14001,81.7,4,4,0
ground/gbrick,0,545.4399,547.9999,84.27,86.82999,4,4,0
ground/gbrick,0,554.9399,557.4999,73.6,76.16,4,4,0
ground/gbrick,0,554.7699,557.3299,78.84,81.39999,4,4,0
ground/gbrick,0,549.9299,552.4899,78.97,81.53,4,4,0
ground/gbrick,0,559.88,562.44,83.87,86.43,4,4,0
ground/gbrick,0,550.0399,552.5999,89.23,91.79,4,4,0
ground/gbrick,0,554.88,557.44,83.97,86.53,4,4,0
ground/gbrick,0,550.1,552.66,73.73,76.29,4,4,0
ground/gbrick,0,554.88,557.44,89.1,91.66,4,4,0
ground/gbrick,0,559.9399,562.4999,73.5,76.06,4,4,0
ground/gbrick,0,550.0399,552.5999,84.1,86.66,4,4,0
ground/gbrick,0,559.7699,562.3299,78.74001,81.30001,4,4,0
ground/gbrick,0,545.5,548.06,73.9,76.46,4,4,0
ground/gbrick,0,559.88,562.44,89,91.56,4,4,0
ground/gbrick,0,545.1901,547.7501,60.34001,62.90001,4,4,0
ground/gbrick,0,555.48,558.04,39.91001,42.47001,4,4,0
ground/gbrick,0,549.9,552.46,70.43,72.99,4,4,0
ground/gbrick,0,545.3601,547.9201,55.10001,57.66001,4,4,0
ground/gbrick,0,545.3,547.86,70.60001,73.16001,4,4,0
ground/gbrick,0,554.8,557.36,54.8,57.36,4,4,0
ground/gbrick,0,550.8101,553.3701,34.8,37.36,4,4,0
ground/gbrick,0,546.15,548.71,45.34001,47.90001,4,4,0
ground/gbrick,0,549.9601,552.5201,54.93,57.49,4,4,0
ground/gbrick,0,559.7401,562.3001,65.07001,67.63,4,4,0
ground/gbrick,0,546.15,548.71,50.47001,53.03001,4,4,0
ground/gbrick,0,554.7401,557.3001,65.17001,67.73001,4,4,0
ground/gbrick,0,555.5901,558.1501,50.17001,52.73001,4,4,0
ground/gbrick,0,560.5901,563.1501,44.94001,47.50001,4,4,0
ground/gbrick,0,554.63,557.19,60.04001,62.60001,4,4,0
ground/gbrick,0,559.8,562.36,54.7,57.26,4,4,0
ground/gbrick,0,555.5901,558.1501,45.04001,47.60001,4,4,0
ground/gbrick,0,550.75,553.31,45.17001,47.73001,4,4,0
ground/gbrick,0,560.65,563.21,34.57001,37.13001,4,4,0
ground/gbrick,0,560.5901,563.1501,50.07001,52.63001,4,4,0
ground/gbrick,0,546.04,548.6,40.21001,42.77001,4,4,0
ground/gbrick,0,550.75,553.31,50.3,52.86,4,4,0
ground/gbrick,0,559.63,562.19,59.94001,62.50001,4,4,0
ground/gbrick,0,546.2101,548.7701,34.97001,37.53001,4,4,0
ground/gbrick,0,554.7401,557.3001,70.3,72.86,4,4,0
ground/gbrick,0,555.65,558.21,34.67001,37.23001,4,4,0
ground/gbrick,0,549.9,552.46,65.3,67.86,4,4,0
ground/gbrick,0,545.3,547.86,65.47001,68.03001,4,4,0
ground/gbrick,0,560.48,563.04,39.81001,42.37001,4,4,0
ground/gbrick,0,550.64,553.2,40.04001,42.60001,4,4,0
ground/gbrick,0,549.79,552.35,60.17001,62.73001,4,4,0
ground/gbrick,0,559.7401,562.3001,70.2,72.75999,4,4,0
ground/gbrick,0,560.48,563.04,20.31001,22.87001,4,4,0
ground/gbrick,0,546.2101,548.7701,15.47001,18.03001,4,4,0
ground/gbrick,0,560.65,563.21,15.07,17.63,4,4,0
ground/gbrick,0,560.5901,563.1501,30.57,33.13,4,4,0
ground/gbrick,0,550.75,553.31,30.8,33.36,4,4,0
ground/gbrick,0,555.48,558.04,20.41001,22.97001,4,4,0
ground/gbrick,0,555.65,558.21,15.17,17.73,4,4,0
ground/gbrick,0,550.8101,553.3701,15.3,17.86,4,4,0
ground/gbrick,0,555.5901,558.1501,25.54,28.1,4,4,0
ground/gbrick,0,550.64,553.2,20.54,23.1,4,4,0
ground/gbrick,0,555.5901,558.1501,30.67,33.23,4,4,0
ground/gbrick,0,546.15,548.71,25.84001,28.40001,4,4,0
ground/gbrick,0,560.5901,563.1501,25.44001,28.00001,4,4,0
ground/gbrick,0,550.75,553.31,25.67,28.23,4,4,0
ground/gbrick,0,546.04,548.6,20.71001,23.27001,4,4,0
ground/gbrick,0,546.15,548.71,30.97001,33.53001,4,4,0
ground/gbrick,0,550.97,553.53,10.21,12.77,4,4,0
ground/gbrick,0,546.27,548.83,10.17,12.73,4,4,0
ground/gbrick,0,555.81,558.37,10.08,12.64,4,4,0
ground/gbrick,0,560.81,563.37,9.980001,12.54,4,4,0
ground/gbrick,0,367.27,369.83,61.25999,63.81999,4,4,0
ground/gbrick,0,372,374.56,56,58.56,4,4,0
ground/gbrick,0,362.73,365.29,51.06,53.62,4,4,0
ground/gbrick,0,372.17,374.73,50.75999,53.31999,4,4,0
ground/gbrick,0,367.16,369.72,56.13,58.69,4,4,0
ground/gbrick,0,362.67,365.23,66.56,69.12,4,4,0
ground/gbrick,0,372.11,374.67,61.13,63.69,4,4,0
ground/gbrick,0,377.11,379.67,61.03,63.59,4,4,0
ground/gbrick,0,372.11,374.67,66.25999,68.81998,4,4,0
ground/gbrick,0,377.17,379.73,50.66,53.22,4,4,0
ground/gbrick,0,367.33,369.89,50.88999,53.44999,4,4,0
ground/gbrick,0,362.56,365.12,56.3,58.86,4,4,0
ground/gbrick,0,367.27,369.83,66.38999,68.94999,4,4,0
ground/gbrick,0,377.11,379.67,66.16,68.72,4,4,0
ground/gbrick,0,362.67,365.23,61.43,63.99,4,4,0
ground/gbrick,0,377,379.56,55.9,58.46,4,4,0
ground/gbrick,0,342.11,344.67,25.96,28.52,4,4,0
ground/gbrick,0,337.51,340.07,21,23.56,4,4,0
ground/gbrick,0,346.84,349.4,15.57,18.13,4,4,0
ground/gbrick,0,351.84,354.4,15.47001,18.03001,4,4,0
ground/gbrick,0,352.01,354.57,10.23,12.79,4,4,0
ground/gbrick,0,337.57,340.13,10.63,13.19,4,4,0
ground/gbrick,0,347.01,349.57,10.33,12.89,4,4,0
ground/gbrick,0,342.11,344.67,20.83,23.39,4,4,0
ground/gbrick,0,346.95,349.51,25.83,28.39,4,4,0
ground/gbrick,0,351.95,354.51,20.6,23.16,4,4,0
ground/gbrick,0,346.95,349.51,20.7,23.26,4,4,0
ground/gbrick,0,342,344.56,15.7,18.26,4,4,0
ground/gbrick,0,342.17,344.73,10.46,13.02,4,4,0
ground/gbrick,0,337.4,339.96,15.87001,18.43001,4,4,0
ground/gbrick,0,337.51,340.07,26.13,28.69,4,4,0
ground/gbrick,0,351.95,354.51,25.73,28.29,4,4,0
ground/gbrick,0,353.63,356.19,28.94001,31.50001,4,4,0
ground/gbrick,0,368.24,370.8,23.3,25.86,4,4,0
ground/gbrick,0,358.4,360.96,23.52999,26.08999,4,4,0
ground/gbrick,0,353.8,356.36,23.7,26.26,4,4,0
ground/gbrick,0,368.18,370.74,38.8,41.36,4,4,0
ground/gbrick,0,363.24,365.8,23.4,25.96,4,4,0
ground/gbrick,0,363.07,365.63,28.64,31.2,4,4,0
ground/gbrick,0,358.34,360.9,39.02999,41.58999,4,4,0
ground/gbrick,0,363.18,365.74,38.9,41.46,4,4,0
ground/gbrick,0,363.18,365.74,33.77,36.33,4,4,0
ground/gbrick,0,353.74,356.3,39.2,41.76,4,4,0
ground/gbrick,0,368.07,370.63,28.54,31.1,4,4,0
ground/gbrick,0,358.23,360.79,28.77,31.33,4,4,0
ground/gbrick,0,353.74,356.3,34.07,36.63,4,4,0
ground/gbrick,0,368.18,370.74,33.67,36.23,4,4,0
ground/gbrick,0,358.34,360.9,33.9,36.46,4,4,0
ground/gbrick,0,377.86,380.42,19.43,21.99,4,4,0
ground/gbrick,0,387.76,390.32,8.830002,11.39,4,4,0
ground/gbrick,0,373.26,375.82,24.73,27.29,4,4,0
ground/gbrick,0,382.59,385.15,14.17001,16.73001,4,4,0
ground/gbrick,0,373.32,375.88,9.230003,11.79,4,4,0
ground/gbrick,0,387.59,390.15,14.07001,16.63001,4,4,0
ground/gbrick,0,373.15,375.71,14.47001,17.03001,4,4,0
ground/gbrick,0,382.7,385.26,24.43,26.99,4,4,0
ground/gbrick,0,373.26,375.82,19.60001,22.16001,4,4,0
ground/gbrick,0,387.7,390.26,19.2,21.76,4,4,0
ground/gbrick,0,377.75,380.31,14.3,16.86,4,4,0
ground/gbrick,0,382.7,385.26,19.3,21.86,4,4,0
ground/gbrick,0,382.76,385.32,8.93,11.49,4,4,0
ground/gbrick,0,377.92,380.48,9.059998,11.62,4,4,0
ground/gbrick,0,387.7,390.26,24.33,26.89,4,4,0
ground/gbrick,0,377.86,380.42,24.56,27.12,4,4,0
ground/gbrick,0,391.68,394.24,71.54001,74.10001,4,4,0
ground/gbrick,0,396.68,399.24,76.57001,79.13,4,4,0
ground/gbrick,0,396.74,399.3,61.07,63.63,4,4,0
ground/gbrick,0,382.3,384.86,61.47001,64.03001,4,4,0
ground/gbrick,0,391.68,394.24,76.67,79.23,4,4,0
ground/gbrick,0,382.24,384.8,71.84001,74.40001,4,4,0
ground/gbrick,0,382.13,384.69,66.71001,69.27,4,4,0
ground/gbrick,0,382.24,384.8,76.97,79.53,4,4,0
ground/gbrick,0,396.57,399.13,66.31001,68.87001,4,4,0
ground/gbrick,0,391.57,394.13,66.41,68.97,4,4,0
ground/gbrick,0,396.68,399.24,71.44,74,4,4,0
ground/gbrick,0,386.73,389.29,66.54001,69.10001,4,4,0
ground/gbrick,0,386.9,389.46,61.3,63.86,4,4,0
ground/gbrick,0,391.74,394.3,61.17,63.73,4,4,0
ground/gbrick,0,386.84,389.4,76.8,79.36,4,4,0
ground/gbrick,0,386.84,389.4,71.67,74.23,4,4,0
ground/gbrick,0,410.6,413.16,87.07001,89.63,4,4,0
ground/gbrick,0,405.76,408.32,87.2,89.75999,4,4,0
ground/gbrick,0,405.65,408.21,82.07001,84.63,4,4,0
ground/gbrick,0,415.6,418.16,92.10001,94.66001,4,4,0
ground/gbrick,0,405.82,408.38,76.83,79.39,4,4,0
ground/gbrick,0,405.76,408.32,92.33,94.89,4,4,0
ground/gbrick,0,415.6,418.16,86.97,89.53,4,4,0
ground/gbrick,0,410.49,413.05,81.94,84.5,4,4,0
ground/gbrick,0,410.66,413.22,76.7,79.25999,4,4,0
ground/gbrick,0,410.6,413.16,92.2,94.75999,4,4,0
ground/gbrick,0,401.16,403.72,87.37001,89.93001,4,4,0
ground/gbrick,0,415.49,418.05,81.84001,84.40001,4,4,0
ground/gbrick,0,401.16,403.72,92.5,95.06,4,4,0
ground/gbrick,0,401.22,403.78,77,79.56,4,4,0
ground/gbrick,0,415.66,418.22,76.60001,79.16001,4,4,0
ground/gbrick,0,401.05,403.61,82.24001,84.80001,4,4,0
ground/gbrick,0,476.29,478.85,79.47,82.03,4,4,0
ground/gbrick,0,481.46,484.02,74.13,76.68999,4,4,0
ground/gbrick,0,471.45,474.01,79.60001,82.16001,4,4,0
ground/gbrick,0,471.62,474.18,74.36,76.92,4,4,0
ground/gbrick,0,466.96,469.52,90.03,92.59,4,4,0
ground/gbrick,0,481.29,483.85,79.37001,81.93001,4,4,0
ground/gbrick,0,481.4,483.96,84.5,87.06,4,4,0
ground/gbrick,0,476.46,479.02,74.23,76.79,4,4,0
ground/gbrick,0,476.4,478.96,89.73,92.29,4,4,0
ground/gbrick,0,476.4,478.96,84.60001,87.16001,4,4,0
ground/gbrick,0,467.02,469.58,74.53,77.09,4,4,0
ground/gbrick,0,471.56,474.12,84.73,87.29,4,4,0
ground/gbrick,0,481.4,483.96,89.63,92.18999,4,4,0
ground/gbrick,0,471.56,474.12,89.86,92.42,4,4,0
ground/gbrick,0,466.85,469.41,79.77,82.32999,4,4,0
ground/gbrick,0,466.96,469.52,84.90001,87.46001,4,4,0
ground/gbrick,0,407.04,409.6,24.3,26.86,4,4,0
ground/gbrick,0,397.09,399.65,14.27,16.83,4,4,0
ground/gbrick,0,397.2,399.76,19.39999,21.95999,4,4,0
ground/gbrick,0,402.1,404.66,8.899994,11.45999,4,4,0
ground/gbrick,0,392.66,395.22,9.199997,11.76,4,4,0
ground/gbrick,0,402.04,404.6,19.27,21.83,4,4,0
ground/gbrick,0,392.6,395.16,24.7,27.26,4,4,0
ground/gbrick,0,397.26,399.82,9.029999,11.59,4,4,0
ground/gbrick,0,407.1,409.66,8.800003,11.36,4,4,0
ground/gbrick,0,406.93,409.49,14.04001,16.60001,4,4,0
ground/gbrick,0,402.04,404.6,24.39999,26.95999,4,4,0
ground/gbrick,0,401.93,404.49,14.14,16.7,4,4,0
ground/gbrick,0,407.04,409.6,19.17,21.73,4,4,0
ground/gbrick,0,392.49,395.05,14.44,17,4,4,0
ground/gbrick,0,392.6,395.16,19.57001,22.13001,4,4,0
ground/gbrick,0,397.2,399.76,24.53,27.09,4,4,0
ground/gbrick,0,440.65,443.21,18.8,21.36,4,4,0
ground/gbrick,0,445.54,448.1,13.57,16.13,4,4,0
ground/gbrick,0,435.7,438.26,13.8,16.36,4,4,0
ground/gbrick,0,431.21,433.77,24.23,26.79,4,4,0
ground/gbrick,0,421.37,423.93,8.459994,11.01999,4,4,0
ground/gbrick,0,411.93,414.49,8.759997,11.32,4,4,0
ground/gbrick,0,440.65,443.21,23.92999,26.48999,4,4,0
ground/gbrick,0,426.37,428.93,8.359996,10.92,4,4,0
ground/gbrick,0,411.87,414.43,24.26,26.82,4,4,0
ground/gbrick,0,435.81,438.37,24.05999,26.61999,4,4,0
ground/gbrick,0,445.71,448.27,8.329997,10.89,4,4,0
ground/gbrick,0,426.31,428.87,23.86,26.42,4,4,0
ground/gbrick,0,411.87,414.43,19.13,21.69,4,4,0
ground/gbrick,0,445.65,448.21,23.83,26.39,4,4,0
ground/gbrick,0,426.2,428.76,13.6,16.16,4,4,0
ground/gbrick,0,440.71,443.27,8.429988,10.98999,4,4,0
ground/gbrick,0,421.31,423.87,18.83,21.39,4,4,0
ground/gbrick,0,435.81,438.37,18.92999,21.48999,4,4,0
ground/gbrick,0,416.53,419.09,8.589992,11.14999,4,4,0
ground/gbrick,0,416.47,419.03,18.96,21.52,4,4,0
ground/gbrick,0,431.21,433.77,19.1,21.66,4,4,0
ground/gbrick,0,421.31,423.87,23.96,26.52,4,4,0
ground/gbrick,0,435.87,438.43,8.559993,11.11999,4,4,0
ground/gbrick,0,411.76,414.32,14,16.56,4,4,0
ground/gbrick,0,431.1,433.66,13.97,16.53,4,4,0
ground/gbrick,0,445.65,448.21,18.69999,21.25999,4,4,0
ground/gbrick,0,431.27,433.83,8.729991,11.28999,4,4,0
ground/gbrick,0,440.54,443.1,13.66999,16.22999,4,4,0
ground/gbrick,0,416.47,419.03,24.08999,26.64999,4,4,0
ground/gbrick,0,421.2,423.76,13.7,16.26,4,4,0
ground/gbrick,0,416.36,418.92,13.83,16.39,4,4,0
ground/gbrick,0,426.31,428.87,18.73,21.29,4,4,0
ground/gbrick,0,483.98,486.54,23.14001,25.70001,4,4,0
ground/gbrick,0,474.03,476.59,13.11001,15.67001,4,4,0
ground/gbrick,0,478.98,481.54,23.24,25.8,4,4,0
ground/gbrick,0,450.2,452.76,18.44001,21.00001,4,4,0
ground/gbrick,0,450.09,452.65,13.31001,15.87001,4,4,0
ground/gbrick,0,464.64,467.2,18.04,20.6,4,4,0
ground/gbrick,0,469.54,472.1,23.54,26.1,4,4,0
ground/gbrick,0,464.53,467.09,12.91001,15.47001,4,4,0
ground/gbrick,0,484.04,486.6,7.640004,10.2,4,4,0
ground/gbrick,0,450.26,452.82,8.070004,10.63,4,4,0
ground/gbrick,0,459.64,462.2,23.27,25.83,4,4,0
ground/gbrick,0,469.43,471.99,13.28,15.84,4,4,0
ground/gbrick,0,479.04,481.6,7.739995,10.3,4,4,0
ground/gbrick,0,454.8,457.36,23.4,25.96,4,4,0
ground/gbrick,0,459.7,462.26,7.770001,10.33,4,4,0
ground/gbrick,0,469.6,472.16,8.039998,10.6,4,4,0
ground/gbrick,0,469.54,472.1,18.41001,20.97001,4,4,0
ground/gbrick,0,478.87,481.43,12.98,15.54,4,4,0
ground/gbrick,0,478.98,481.54,18.11001,20.67001,4,4,0
ground/gbrick,0,464.64,467.2,23.17,25.73,4,4,0
ground/gbrick,0,454.69,457.25,13.14,15.7,4,4,0
ground/gbrick,0,483.87,486.43,12.88001,15.44001,4,4,0
ground/gbrick,0,474.2,476.76,7.87,10.43,4,4,0
ground/gbrick,0,450.2,452.76,23.57001,26.13001,4,4,0
ground/gbrick,0,459.53,462.09,13.01001,15.57001,4,4,0
ground/gbrick,0,454.86,457.42,7.899999,10.46,4,4,0
ground/gbrick,0,459.64,462.2,18.14001,20.70001,4,4,0
ground/gbrick,0,474.14,476.7,18.24,20.8,4,4,0
ground/gbrick,0,464.7,467.26,7.670003,10.23,4,4,0
ground/gbrick,0,454.8,457.36,18.27,20.83,4,4,0
ground/gbrick,0,474.14,476.7,23.37,25.93,4,4,0
ground/gbrick,0,483.98,486.54,18.01,20.57,4,4,0
ground/gbrick,0,450.2,452.76,42.73,45.29,4,4,0
ground/gbrick,0,445.65,448.21,42.98999,45.54999,4,4,0
ground/gbrick,0,459.64,462.2,37.3,39.86,4,4,0
ground/gbrick,0,469.6,472.16,27.19999,29.75999,4,4,0
ground/gbrick,0,474.2,476.76,27.02999,29.58999,4,4,0
ground/gbrick,0,454.69,457.25,32.3,34.86,4,4,0
ground/gbrick,0,469.54,472.1,42.7,45.26,4,4,0
ground/gbrick,0,459.7,462.26,26.93,29.49,4,4,0
ground/gbrick,0,464.53,467.09,32.07,34.63,4,4,0
ground/gbrick,0,483.98,486.54,42.3,44.86,4,4,0
ground/gbrick,0,478.98,481.54,37.27,39.83,4,4,0
ground/gbrick,0,450.09,452.65,32.47001,35.03001,4,4,0
ground/gbrick,0,464.64,467.2,42.33,44.89,4,4,0
ground/gbrick,0,478.98,481.54,42.39999,44.95999,4,4,0
ground/gbrick,0,474.14,476.7,42.53,45.09,4,4,0
ground/gbrick,0,445.54,448.1,32.73,35.29,4,4,0
ground/gbrick,0,454.8,457.36,37.43,39.99,4,4,0
ground/gbrick,0,464.64,467.2,37.2,39.76,4,4,0
ground/gbrick,0,454.86,457.42,27.05999,29.61999,4,4,0
ground/gbrick,0,440.71,443.27,27.58998,30.14998,4,4,0
ground/gbrick,0,469.43,471.99,32.44,35,4,4,0
ground/gbrick,0,450.26,452.82,27.23,29.79,4,4,0
ground/gbrick,0,440.54,443.1,32.82999,35.38999,4,4,0
ground/gbrick,0,474.14,476.7,37.39999,39.95999,4,4,0
ground/gbrick,0,483.98,486.54,37.17,39.73,4,4,0
ground/gbrick,0,474.03,476.59,32.27,34.83,4,4,0
ground/gbrick,0,469.54,472.1,37.57001,40.13001,4,4,0
ground/gbrick,0,445.71,448.27,27.48999,30.04999,4,4,0
ground/gbrick,0,445.65,448.21,37.85999,40.41999,4,4,0
ground/gbrick,0,483.87,486.43,32.04,34.6,4,4,0
ground/gbrick,0,440.65,443.21,43.08998,45.64998,4,4,0
ground/gbrick,0,440.65,443.21,37.96,40.52,4,4,0
ground/gbrick,0,479.04,481.6,26.89999,29.45999,4,4,0
ground/gbrick,0,450.2,452.76,37.60001,40.16001,4,4,0
ground/gbrick,0,478.87,481.43,32.14,34.7,4,4,0
ground/gbrick,0,459.53,462.09,32.17,34.73,4,4,0
ground/gbrick,0,454.8,457.36,42.56,45.12,4,4,0
ground/gbrick,0,459.64,462.2,42.43,44.99,4,4,0
ground/gbrick,0,484.13,486.69,27.17,29.73,4,4,0
ground/gbrick,0,464.69,467.25,27.32,29.88,4,4,0
ground/gbrick,0,447.8,450.36,93.37001,95.93001,4,4,0
ground/gbrick,0,462.3,464.86,82.60001,85.16001,4,4,0
ground/gbrick,0,457.13,459.69,87.94,90.5,4,4,0
ground/gbrick,0,447.8,450.36,98.5,101.06,4,4,0
ground/gbrick,0,457.3,459.86,82.7,85.25999,4,4,0
ground/gbrick,0,452.29,454.85,88.07001,90.63,4,4,0
ground/gbrick,0,452.4,454.96,93.2,95.75999,4,4,0
ground/gbrick,0,457.24,459.8,93.07001,95.63,4,4,0
ground/gbrick,0,462.24,464.8,92.97,95.53,4,4,0
ground/gbrick,0,462.13,464.69,87.84001,90.40001,4,4,0
ground/gbrick,0,452.46,455.02,82.83,85.39,4,4,0
ground/gbrick,0,447.86,450.42,83,85.56,4,4,0
ground/gbrick,0,447.69,450.25,88.24001,90.80001,4,4,0
ground/gbrick,0,462.24,464.8,98.10001,100.66,4,4,0
ground/gbrick,0,457.24,459.8,98.2,100.76,4,4,0
ground/gbrick,0,452.4,454.96,98.33,100.89,4,4,0
ground/gbrick,0,429.02,431.58,76.89999,79.45998,4,4,0
ground/gbrick,0,428.96,431.52,92.39999,94.95998,4,4,0
ground/gbrick,0,433.62,436.18,76.73,79.29,4,4,0
ground/gbrick,0,438.29,440.85,81.84,84.39999,4,4,0
ground/gbrick,0,428.96,431.52,87.27,89.82999,4,4,0
ground/gbrick,0,438.4,440.96,92.09999,94.65999,4,4,0
ground/gbrick,0,433.56,436.12,87.09999,89.65999,4,4,0
ground/gbrick,0,438.4,440.96,86.97,89.53,4,4,0
ground/gbrick,0,443.4,445.96,86.87,89.43,4,4,0
ground/gbrick,0,433.56,436.12,92.23,94.79,4,4,0
ground/gbrick,0,433.45,436.01,81.97,84.53,4,4,0
ground/gbrick,0,443.46,446.02,76.5,79.06,4,4,0
ground/gbrick,0,428.85,431.41,82.14,84.7,4,4,0
ground/gbrick,0,443.4,445.96,92,94.56,4,4,0
ground/gbrick,0,438.46,441.02,76.59999,79.15999,4,4,0
ground/gbrick,0,443.29,445.85,81.74001,84.30001,4,4,0
ground/gbrick,0,428.94,431.5,95.67001,98.23001,4,4,0
ground/gbrick,0,414.44,417,111.57,114.13,4,4,0
ground/gbrick,0,428.88,431.44,111.17,113.73,4,4,0
ground/gbrick,0,423.88,426.44,111.27,113.83,4,4,0
ground/gbrick,0,423.94,426.5,95.77,98.32999,4,4,0
ground/gbrick,0,423.77,426.33,101.01,103.57,4,4,0
ground/gbrick,0,428.77,431.33,100.91,103.47,4,4,0
ground/gbrick,0,414.44,417,106.44,109,4,4,0
ground/gbrick,0,419.04,421.6,111.4,113.96,4,4,0
ground/gbrick,0,419.1,421.66,95.9,98.46,4,4,0
ground/gbrick,0,423.88,426.44,106.14,108.7,4,4,0
ground/gbrick,0,414.5,417.06,96.07,98.63,4,4,0
ground/gbrick,0,418.93,421.49,101.14,103.7,4,4,0
ground/gbrick,0,428.88,431.44,106.04,108.6,4,4,0
ground/gbrick,0,414.33,416.89,101.31,103.87,4,4,0
ground/gbrick,0,419.04,421.6,106.27,108.83,4,4,0
ground/gbrick,0,401.5,404.06,107.97,110.53,4,4,0
ground/gbrick,0,410.94,413.5,107.67,110.23,4,4,0
ground/gbrick,0,416,418.56,97.2,99.75999,4,4,0
ground/gbrick,0,415.94,418.5,107.57,110.13,4,4,0
ground/gbrick,0,406.1,408.66,107.8,110.36,4,4,0
ground/gbrick,0,401.39,403.95,102.84,105.4,4,4,0
ground/gbrick,0,406.1,408.66,112.93,115.49,4,4,0
ground/gbrick,0,406.16,408.72,97.43,99.99,4,4,0
ground/gbrick,0,415.94,418.5,112.7,115.26,4,4,0
ground/gbrick,0,411,413.56,97.3,99.86,4,4,0
ground/gbrick,0,415.83,418.39,102.44,105,4,4,0
ground/gbrick,0,410.83,413.39,102.54,105.1,4,4,0
ground/gbrick,0,410.94,413.5,112.8,115.36,4,4,0
ground/gbrick,0,401.5,404.06,113.1,115.66,4,4,0
ground/gbrick,0,401.56,404.12,97.6,100.16,4,4,0
ground/gbrick,0,405.99,408.55,102.67,105.23,4,4,0
ground/gai/sage_lass,0,482.6,489.9063,50.4,55.92467,11.41604,8.6323,0
ground/gai/sage_lass,0,483.4,490.7063,62.3,67.82467,11.41604,8.6323,0
ground/gai/sage_lass,0,491.1,498.4063,75.7,81.22467,11.41604,8.6323,0
ground/gai/sage_lass,0,490.4,497.7063,87,92.52467,11.41604,8.6323,0
ground/gai/sage_lass,0,103.7266,104.3666,7.801216,8.441216,1,1,0
ground/gai/sage_lass,0,103.72,104.36,6.318298,6.958298,1,1,0
ground/gai/sage_lass,0,103.72,104.36,4.756675,5.396675,1,1,0
ground/gai/sage_lass,0,103.5248,104.1648,2.916191,3.55619,1,1,0
ground/gai/sage_lass,0,107.401,108.041,8.075111,8.715112,1,1,0
ground/gai/sage_lass,0,107.6241,108.2641,6.457725,7.097725,1,1,0
ground/gai/sage_lass,0,107.5683,108.2083,4.951873,5.591873,1,1,0
ground/gai/sage_lass,0,107.5962,108.2362,3.139282,3.779282,1,1,0
ground/gai/sage_lass,0,101.043,101.683,5.676918,6.316917,1,1,0
ground/gai/sage_lass,0,103.72,104.36,5.872116,6.512115,1,1,0
ground/gai/sage_lass,0,105.7,106.34,5.9,6.54,1,1,0
ground/gai/sage_lass,0,109.0742,109.7142,6.178863,6.818863,1,1,0
ground/gai/sage_lass,0,111.7791,112.4191,6.429847,7.069847,1,1,0
ground/gai/sage_lass,0,120.8757,121.5157,2.031883,2.671883,1,1,0
ground/gai/sage_lass,0,120.9515,121.5915,4.308837,4.948837,1,1,0
ground/gai/sage_lass,0,121.1033,121.7433,6.547821,7.18782,1,1,0
ground/gai/sage_lass,0,121.2931,121.9331,8.103745,8.743745,1,1,0
ground/gai/sage_lass,0,119.13,119.77,8.672981,9.312982,1,1,0
ground/gai/sage_lass,0,122.6592,123.2992,8.217598,8.857598,1,1,0
ground/gai/sage_lass,0,119.0161,119.6561,2.221626,2.861626,1,1,0
ground/gai/sage_lass,0,122.3936,123.0336,1.880081,2.520081,1,1,0
ground/gai/sage_lass,0,502.2197,502.8597,67.81931,68.45931,1,1,0
ground/gai/sage_lass,0,502.0816,502.7216,66.16233,66.80233,1,1,0
ground/gai/sage_lass,0,501.8745,502.5145,64.50535,65.14535,1,1,0
ground/gai/sage_lass,0,501.3912,502.0312,62.67576,63.31576,1,1,0
ground/gai/sage_lass,0,503.7731,504.4131,67.88835,68.52835,1,1,0
ground/gai/sage_lass,0,505.0159,505.6559,65.54096,66.18096,1,1,0
ground/gai/sage_lass,0,503.3589,503.9989,64.78151,65.42151,1,1,0
ground/gai/sage_lass,0,505.0504,505.6904,62.05439,62.69439,1,1,0
ground/gai/sage_lass,0,502.9792,503.6192,61.64014,62.28014,1,1,0
ground/gai/sage_lass,0,520.6536,521.2936,67.33603,67.97603,1,1,0
ground/gai/sage_lass,0,519.1002,519.7402,66.47301,67.11301,1,1,0
ground/gai/sage_lass,0,518.8586,519.4986,64.22918,64.86918,1,1,0
ground/gai/sage_lass,0,519.1002,519.7402,61.60562,62.24562,1,1,0
ground/gai/sage_lass,0,521.6547,522.2947,60.57001,61.21001,1,1,0
ground/gai/sage_lass,0,523.6224,524.2624,61.5711,62.2111,1,1,0
ground/gai/sage_lass,0,522.2416,522.8816,63.22809,63.86809,1,1,0
ground/gai/sage_lass,0,524.0367,524.6767,63.26261,63.90261,1,1,0
ground/gai/sage_lass,0,511.3782,512.0182,63.511,64.151,1,1,0
ground/gai/sage_lass,0,511.3023,511.9423,61.23405,61.87405,1,1,0
ground/gai/sage_lass,0,513.0859,513.7259,67.41976,68.05976,1,1,0
ground/gai/sage_lass,0,512.8203,513.4603,61.08225,61.72225,1,1,0
ground/gai/sage_lass,0,511.53,512.17,65.75,66.39,1,1,0
ground/gai/sage_lass,0,509.5567,510.1967,67.87515,68.51515,1,1,0
ground/gai/sage_lass,0,511.7198,512.3598,67.30592,67.94592,1,1,0
ground/gai/sage_lass,0,509.4428,510.0828,61.4238,62.0638,1,1,0
ground/gai/sage_lass,0,507.2461,507.8861,54.00891,54.64891,1,1,0
ground/gai/sage_lass,0,507.4612,508.1012,52.24514,52.88514,1,1,0
ground/gai/sage_lass,0,507.1601,507.8001,50.48137,51.12137,1,1,0
ground/gai/sage_lass,0,507.4182,508.0582,49.4059,50.0459,1,1,0
ground/gai/sage_lass,0,507.9774,508.6174,47.59911,48.23911,1,1,0
ground/gai/sage_lass,0,507.5472,508.1872,46.00741,46.64741,1,1,0
ground/gai/sage_lass,0,508.5797,509.2197,50.69646,51.33646,1,1,0
ground/gai/sage_lass,0,509.9133,510.5533,51.98703,52.62703,1,1,0
ground/gai/sage_lass,0,511.2469,511.8869,53.0625,53.7025,1,1,0
ground/gai/sage_lass,0,509.268,509.908,49.79307,50.43307,1,1,0
ground/gai/sage_lass,0,510.5155,511.1555,48.0293,48.6693,1,1,0
ground/gai/sage_lass,0,511.6771,512.3171,46.78175,47.42175,1,1,0
ground/gai/sage_lass,0,513.18,513.82,45.27609,45.91609,1,1,0
ground/bramp2,0,435.72,438.28,46.54,49.1,4,4,0
ground/bramp2,0,431.03,433.59,45.17,47.73,4,4,0
ground/bramp2,0,426.35,428.91,43.76,46.32,4,4,0
ground/bramp2,0,421.66,424.22,42.39,44.95,4,4,0
ground/bramp2,0,402.73,405.29,36.8,39.36,4,4,0
ground/bramp2,0,407.42,409.98,38.17,40.73,4,4,0
ground/bramp2,0,412.1,414.66,39.58,42.14,4,4,0
ground/bramp2,0,416.79,419.35,40.95,43.51,4,4,0
ground/bramp2,0,388.67,391.23,32.63,35.19,4,4,0
ground/bramp2,0,398.04,400.6,35.41,37.97,4,4,0
ground/bramp2,0,383.98,386.54,31.25999,33.81999,4,4,0
ground/bramp2,0,393.35,395.91,34.04,36.6,4,4,0
ground/bramp2,0,378.99,381.55,29.76,32.32,4,4,0
ground/gbrick,0,384.04,386.6,26.08,28.64,4,4,0
ground/gbrick,0,388.97,391.53,27.55,30.11,4,4,0
ground/gbrick,0,393.71,396.27,28.86,31.42,4,4,0
ground/gbrick,0,398.37,400.93,30.3,32.86,4,4,0
ground/gbrick,0,403.14,405.7,31.69,34.25,4,4,0
ground/gbrick,0,407.75,410.31,33.02,35.58,4,4,0
ground/gbrick,0,412.44,415,34.46,37.02,4,4,0
ground/gbrick,0,417.34,419.9,35.85,38.41,4,4,0
ground/gbrick,0,421.95,424.51,37.32,39.88,4,4,0
ground/gbrick,0,426.67,429.23,38.65,41.21,4,4,0
ground/gbrick,0,431.44,434,40.09,42.65,4,4,0
ground/gbrick,0,436.18,438.74,41.61,44.17,4,4,0
ground/gbrick,0,436.02,438.58,36.52,39.08,4,4,0
ground/gbrick,0,431.04,433.6,34.97,37.53,4,4,0
ground/gbrick,0,426.06,428.62,33.85,36.41,4,4,0
ground/gbrick,0,421.11,423.67,32.41,34.97,4,4,0
ground/gbrick,0,417.3,419.86,30.81,33.37,4,4,0
ground/gbrick,0,412.24,414.8,29.37,31.93,4,4,0
ground/gbrick,0,407.44,410,28.17,30.73,4,4,0
ground/gbrick,0,402.88,405.44,26.78,29.34,4,4,0
ground/gbrick,0,398.35,400.91,25.42,27.98,4,4,0
ground/gbrick,0,436.1,438.66,31.54,34.1,4,4,0
ground/gbrick,0,435.99,438.55,26.61,29.17,4,4,0
ground/gbrick,0,431.09,433.65,24.93,27.49,4,4,0
ground/gbrick,0,431.2,433.76,29.86,32.42,4,4,0
ground/gbrick,0,426.3,428.86,28.77,31.33,4,4,0
ground/gbrick,0,426.19,428.75,23.84,26.4,4,4,0
ground/gbrick,0,422.09,424.65,22.51,25.07,4,4,0
ground/gbrick,0,422.2,424.76,27.44,30,4,4,0
ground/gbrick,0,417.25,419.81,25.74,28.3,4,4,0
ground/gbrick,0,417.14,419.7,20.81,23.37,4,4,0
ground/gerter1,0,359.3029,360.0325,14.6973,22.44877,0.285,3.027917,0
ground/gerter1,0,366.07,366.7996,14.59,22.34147,0.285,3.027917,0
ground/gai/sage_lass,0,311.48,312.12,70.41,71.05,1,1,0
ground/gai/sage_lass,0,313.069,313.709,72.40006,73.04006,1,1,0
ground/gai/sage_lass,0,314.796,315.436,74.26335,74.90335,1,1,0
ground/gai/sage_lass,0,316.1593,316.7993,76.30842,76.94842,1,1,0
ground/gai/sage_lass,0,317.9772,318.6172,77.5809,78.2209,1,1,0
ground/gai/sage_lass,0,319.5223,320.1624,79.39874,80.03874,1,1,0
ground/gai/sage_lass,0,320.7948,321.4348,77.39912,78.03912,1,1,0
ground/gai/sage_lass,0,321.7037,322.3438,75.12682,75.76682,1,1,0
ground/gai/sage_lass,0,323.567,324.207,73.39988,74.03988,1,1,0
ground/gai/sage_lass,0,324.79,325.43,71.81,72.45,1,1,0
ground/gai/sage_lass,0,325.6575,326.2975,69.99143,70.63143,1,1,0
ground/gai/sage_lass,0,311.433,312.073,76.39931,77.03931,1,1,0
ground/gai/sage_lass,0,313.6143,314.2544,76.35387,76.99387,1,1,0
ground/gai/sage_lass,0,318.2044,318.8444,75.94485,76.58485,1,1,0
ground/gai/sage_lass,0,320.3858,321.0258,75.71762,76.35762,1,1,0
ground/gai/sage_lass,0,324.1578,324.7978,75.9903,76.63029,1,1,0
ground/gai/sage_lass,0,326.7028,327.3428,75.85396,76.49396,1,1,0
ground/gai/sage_lass,0,400.01,400.65,66.4781,67.1181,1,1,0
ground/gai/sage_lass,0,399.93,400.57,68.26,68.9,1,1,0
ground/gai/sage_lass,0,400.0767,400.7167,71.6823,72.3223,1,1,0
ground/gai/sage_lass,0,400.76,401.4,70.75,71.39,1,1,0
ground/gai/sage_lass,0,401.46,402.1,69.89,70.53,1,1,0
ground/gai/sage_lass,0,401.97,402.61,69.11,69.75,1,1,0
ground/gai/sage_lass,0,404.31,404.95,67.51,68.15,1,1,0
ground/gai/sage_lass,0,404.39,405.03,68.38,69.02,1,1,0
ground/gai/sage_lass,0,410.6186,411.2586,71.74902,72.38902,1,1,0
ground/gai/sage_lass,0,399.85,400.49,69.48,70.12,1,1,0
ground/gai/sage_lass,0,402.74,403.38,68.24,68.88,1,1,0
ground/gai/sage_lass,0,403.45,404.09,67.43,68.07,1,1,0
ground/gai/sage_lass,0,404.08,404.72,66.59,67.23,1,1,0
ground/gai/sage_lass,0,399.9,400.54,70.53,71.17,1,1,0
ground/gai/sage_lass,0,404.49,405.13,69.41,70.05,1,1,0
ground/gai/sage_lass,0,404.47,405.11,70.38,71.02,1,1,0
ground/gai/sage_lass,0,404.57,405.21,71.41,72.05,1,1,0
ground/gai/sage_lass,0,409.63,410.27,70.94,71.58,1,1,0
ground/gai/sage_lass,0,408.64,409.28,69.95,70.59,1,1,0
ground/gai/sage_lass,0,408.77,409.41,68.54,69.18,1,1,0
ground/gai/sage_lass,0,410.01,410.65,67.55,68.19,1,1,0
ground/gai/sage_lass,0,411.12,411.76,67.38,68.02,1,1,0
ground/gai/sage_lass,0,411.81,412.45,68.15,68.79,1,1,0
ground/gai/sage_lass,0,412.2,412.84,69.22,69.86,1,1,0
ground/gai/sage_lass,0,411.51,412.15,70.72,71.36,1,1,0
ground/gai/sage_lass,0,413.48,414.12,71.79,72.43,1,1,0
ground/gai/sage_lass,0,414.04,414.68,70.93,71.57,1,1,0
ground/gai/sage_lass,0,414.64,415.28,69.94,70.58,1,1,0
ground/gai/sage_lass,0,415.11,415.75,69.21,69.85,1,1,0
ground/gai/sage_lass,0,416.0093,416.6494,68.22498,68.86498,1,1,0
ground/gai/sage_lass,0,416.74,417.38,69.3,69.94,1,1,0
ground/gai/sage_lass,0,417.34,417.98,70.33,70.97,1,1,0
ground/gai/sage_lass,0,417.98,418.62,71.49,72.13,1,1,0
ground/gai/sage_lass,0,418.37,419.01,72.43,73.07,1,1,0
ground/gai/sage_lass,0,419.57,420.21,72.6,73.24,1,1,0
ground/gai/sage_lass,0,419.44,420.08,71.49,72.13,1,1,0
ground/gai/sage_lass,0,419.53,420.17,70.72,71.36,1,1,0
ground/gai/sage_lass,0,419.4,420.04,69.86,70.5,1,1,0
ground/gai/sage_lass,0,419.4,420.04,69.09,69.73,1,1,0
ground/gai/sage_lass,0,420.47,421.11,72.77,73.41,1,1,0
ground/gai/sage_lass,0,421.75,422.39,72.77,73.41,1,1,0
ground/gai/sage_lass,0,420.4652,421.1052,70.75714,71.39714,1,1,0
ground/gai/sage_lass,0,421.41,422.05,70.63,71.27,1,1,0
ground/gai/sage_lass,0,420.13,420.77,68.32,68.96,1,1,0
ground/gai/sage_lass,0,420.99,421.63,68.28,68.92,1,1,0
ground/gai/sage_lass,0,424.03,424.67,72.82,73.46,1,1,0
ground/gai/sage_lass,0,423.94,424.58,71.75,72.39,1,1,0
ground/gai/sage_lass,0,423.9,424.54,70.68,71.32,1,1,0
ground/gai/sage_lass,0,423.81,424.45,69.91,70.55,1,1,0
ground/gai/sage_lass,0,423.6815,424.3215,68.96782,69.60782,1,1,0
ground/gai/sage_lass,0,424.97,425.61,68.96782,69.60782,1,1,0
ground/gai/sage_lass,0,425.6552,426.2952,68.83933,69.47933,1,1,0
ground/gai/sage_lass,0,426.81,427.45,68.8,69.44,1,1,0
ground/gai/sage_lass,0,449.25,449.89,74.63,75.27,1,1,0
ground/gai/sage_lass,0,449.25,449.89,75.63,76.27,1,1,0
ground/gai/sage_lass,0,449.12,449.76,73.58,74.22,1,1,0
ground/gai/sage_lass,0,449.36,450,76.73,77.37,1,1,0
ground/gai/sage_lass,0,450.52,451.16,76.28,76.92,1,1,0
ground/gai/sage_lass,0,451.1,451.74,75.05,75.69,1,1,0
ground/gai/sage_lass,0,450.18,450.82,74.55,75.19,1,1,0
ground/gai/sage_lass,0,450.8367,451.4767,74.07718,74.71718,1,1,0
ground/gai/sage_lass,0,450.02,450.66,72.66,73.3,1,1,0
ground/gai/sage_lass,0,450.62,451.26,73.24,73.88,1,1,0
ground/gai/sage_lass,0,449.12,449.76,72.71,73.35,1,1,0
ground/gai/sage_lass,0,455.48,456.12,72.71,73.35,1,1,0
ground/gai/sage_lass,0,455.4538,456.0938,73.6819,74.3219,1,1,0
ground/gai/sage_lass,0,455.4,456.04,74.71,75.35,1,1,0
ground/gai/sage_lass,0,454.51,455.15,75.29,75.93,1,1,0
ground/gai/sage_lass,0,453.7745,454.4145,75.94669,76.58669,1,1,0
ground/gai/sage_lass,0,456.16,456.8,75.29,75.93,1,1,0
ground/gai/sage_lass,0,457.03,457.67,76.03,76.67,1,1,0
ground/gai/sage_lass,0,457.84,458.48,76.61,77.25,1,1,0
ground/airport,0,0,1000,0,2.56
#leftmost
ground/gbrick,0,-25,0,0,200
#rightmost
ground/gbrick,0,1000,1080,0,200
#topmost
ground/gbrick,0,-15,1090,190,200
#BOTTOM
ground/gbrick,0,-15,1090,-20,-2
