#lines that start with # are comments 
#values are seperated by commas (,)
#objective for scene
#GTO game type objective (0-Height/distance obj, 1-Land on gameobject name, 2-Pass checkpoints, 3-Grab object and get to designated end point)
GTO,0
#OBJ,Scene title, GET Height (+or-), Land start, Land End
OBJ,eHouse= on the wire!,40,0,999
#CLD,Cloud Height
CLD,68
#WTH, Weather 0-99 higher number more clouds/rain
WTH,20
#WND, Wind level -4000 to 4000
WND,700
#RAD, RADIOSITy level 0 to 1
RAD,1
#RAB, Background Radiosit leve 0 to 1
RAB,1
#FPS, target fps for the scene
FPS,96
#GRX, gravity scale x
GRX,0
#GRY, gravity scale y
GRY,-9.81
# Prefab,LayerOrder,StartX,EndX,StartY,EndY
ground/gbrick,0,354,356.56,0.31,2.87,4,4,0
ground/gbrick,0,348.98,351.54,0.31,2.87,4,4,0
ground/gbrick,0,343.91,346.47,0.31,2.87,4,4,0
ground/gbrick,0,338.8,341.36,0.4,2.96,4,4,0
ground/gbrick,0,333.84,336.4,0.27,2.83,4,4,0
ground/gbrick,0,328.73,331.29,0.27,2.83,4,4,0
ground/gbrick,0,323.62,326.18,0.34,2.9,4,4,0
ground/gbrick,0,353.91,356.47,5.33,7.89,4,4,0
ground/gbrick,0,343.82,346.38,5.33,7.89,4,4,0
ground/gbrick,0,348.89,351.45,5.33,7.89,4,4,0
ground/gbrick,0,374.02,376.58,5.43,7.99,4,4,0
ground/gbrick,0,368.98,371.54,5.31,7.87,4,4,0
ground/gbrick,0,363.94,366.5,5.31,7.87,4,4,0
ground/gbrick,0,358.89,361.45,5.33,7.89,4,4,0
ground/gbrick,0,358.98,361.54,0.31,2.87,4,4,0
ground/gbrick,0,364.03,366.59,0.29,2.85,4,4,0
ground/gbrick,0,369.07,371.63,0.29,2.85,4,4,0
ground/gbrick,0,374.11,376.67,0.41,2.97,4,4,0
ground/gbrick,0,358.89,361.45,10.23,12.79,4,4,0
ground/gbrick,0,363.94,366.5,10.21,12.77,4,4,0
ground/gbrick,0,374.02,376.58,10.33,12.89,4,4,0
ground/gbrick,0,368.98,371.54,10.21,12.77,4,4,0
ground/gbrick,0,353.91,356.47,10.23,12.79,4,4,0
ground/gbrick,0,369.04,371.6,15.28,17.84,4,4,0
ground/gbrick,0,374.08,376.64,15.4,17.96,4,4,0
ground/gbrick,0,358.95,361.51,15.3,17.86,4,4,0
ground/gbrick,0,364,366.56,15.28,17.84,4,4,0
ground/gbrick,0,353.97,356.53,15.3,17.86,4,4,0
ground/gbrick,0,364.05,366.61,20.48,23.04,4,4,0
ground/gbrick,0,374.19,376.75,25.67,28.23,4,4,0
ground/gbrick,0,369.15,371.71,25.55,28.11,4,4,0
ground/gbrick,0,354.02,356.58,20.5,23.06,4,4,0
ground/gbrick,0,374.13,376.69,20.6,23.16,4,4,0
ground/gbrick,0,354.08,356.64,25.57,28.13,4,4,0
ground/gbrick,0,359,361.56,20.5,23.06,4,4,0
ground/gbrick,0,369.09,371.65,20.48,23.04,4,4,0
ground/gbrick,0,364.11,366.67,25.55,28.11,4,4,0
ground/gbrick,0,359.06,361.62,25.57,28.13,4,4,0
ground/gbrick,0,374.35,376.91,35.83,38.39,4,4,0
ground/gbrick,0,369.31,371.87,35.71,38.27,4,4,0
ground/gbrick,0,364.27,366.83,35.71,38.27,4,4,0
ground/gbrick,0,359.22,361.78,35.73,38.29,4,4,0
ground/gbrick,0,354.24,356.8,35.73,38.29,4,4,0
ground/gbrick,0,354.18,356.74,30.66,33.22,4,4,0
ground/gbrick,0,359.16,361.72,30.66,33.22,4,4,0
ground/gbrick,0,364.21,366.77,30.64,33.2,4,4,0
ground/gbrick,0,369.25,371.81,30.64,33.2,4,4,0
ground/gbrick,0,374.29,376.85,30.76,33.32,4,4,0
ground/gbrick,0,354.14,356.7,40.75,43.31,4,4,0
ground/gbrick,0,359.12,361.68,40.75,43.31,4,4,0
ground/gbrick,0,354.2,356.76,45.82,48.38,4,4,0
ground/gbrick,0,359.18,361.74,45.82,48.38,4,4,0
ground/gbrick,0,374.25,376.81,40.85,43.41,4,4,0
ground/gbrick,0,364.23,366.79,45.8,48.36,4,4,0
ground/gbrick,0,369.21,371.77,40.73,43.29,4,4,0
ground/gbrick,0,364.17,366.73,40.73,43.29,4,4,0
ground/gbrick,0,369.27,371.83,45.8,48.36,4,4,0
ground/gbrick,0,374.31,376.87,45.92,48.48,4,4,0
ground/gbrick,0,359.29,361.85,55.91,58.47,4,4,0
ground/gbrick,0,359.23,361.79,50.84,53.4,4,4,0
ground/gbrick,0,374.42,376.98,56.01,58.57,4,4,0
ground/gbrick,0,369.32,371.88,50.82,53.38,4,4,0
ground/gbrick,0,364.28,366.84,50.82,53.38,4,4,0
ground/gbrick,0,354.25,356.81,50.84,53.4,4,4,0
ground/gbrick,0,364.34,366.9,55.89,58.45,4,4,0
ground/gbrick,0,374.36,376.92,50.94,53.5,4,4,0
ground/gbrick,0,354.31,356.87,55.91,58.47,4,4,0
ground/gbrick,0,369.38,371.94,55.89,58.45,4,4,0
ground/gbrick,0,359.4,361.96,66.07,68.63,4,4,0
ground/gbrick,0,364.39,366.95,60.98,63.54,4,4,0
ground/gbrick,0,359.34,361.9,61,63.56,4,4,0
ground/gbrick,0,354.36,356.92,61,63.56,4,4,0
ground/gbrick,0,364.45,367.01,66.05,68.61,4,4,0
ground/gbrick,0,354.42,356.98,66.07,68.63,4,4,0
ground/gbrick,0,374.47,377.03,61.1,63.66,4,4,0
ground/gbrick,0,374.53,377.09,66.17,68.73,4,4,0
ground/gbrick,0,369.43,371.99,60.98,63.54,4,4,0
ground/gbrick,0,369.49,372.05,66.05,68.61,4,4,0
ground/gbrick,0,374.54,377.1,71.14999,73.70998,4,4,0
ground/gbrick,0,359.41,361.97,71.05,73.61,4,4,0
ground/gbrick,0,354.43,356.99,71.05,73.61,4,4,0
ground/gbrick,0,364.46,367.02,71.03,73.59,4,4,0
ground/gbrick,0,369.5,372.06,71.03,73.59,4,4,0
ground/gbrick,0,374.58,377.14,81.09,83.64999,4,4,0
ground/gbrick,0,354.53,357.09,86.06,88.62,4,4,0
ground/gbrick,0,369.6,372.16,86.04001,88.60001,4,4,0
ground/gbrick,0,359.45,362.01,80.99001,83.55001,4,4,0
ground/gbrick,0,374.64,377.2,86.16,88.72,4,4,0
ground/gbrick,0,369.54,372.1,80.97,83.53,4,4,0
ground/gbrick,0,364.5,367.06,80.97,83.53,4,4,0
ground/gbrick,0,354.47,357.03,80.99001,83.55001,4,4,0
ground/gbrick,0,364.56,367.12,86.04001,88.60001,4,4,0
ground/gbrick,0,359.51,362.07,86.06,88.62,4,4,0
ground/gbrick,0,338.71,341.27,5.42,7.98,4,4,0
ground/gbrick,0,333.75,336.31,5.29,7.85,4,4,0
ground/gbrick,0,328.64,331.2,5.29,7.85,4,4,0
ground/gbrick,0,323.53,326.09,5.36,7.92,4,4,0
ground/gbrick,0,308.74,311.3,-0.01999998,2.54,4,4,0
ground/gbrick,0,303.63,306.19,0.05000019,2.61,4,4,0
ground/gbrick,0,313.85,316.41,-0.02,2.54,4,4,0
ground/gbrick,0,318.81,321.37,0.1100001,2.67,4,4,0
ground/gbrick,0,303.47,306.03,5.02,7.58,4,4,0
ground/gbrick,0,318.65,321.21,5.08,7.64,4,4,0
ground/gbrick,0,308.58,311.14,4.95,7.51,4,4,0
ground/gbrick,0,313.69,316.25,4.95,7.51,4,4,0
ground/gbrick,0,375,377.56,141.47,144.03,4,4,0
ground/gbrick,0,354.93,357.49,151.31,153.87,4,4,0
ground/gbrick,0,359.52,362.08,106,108.56,4,4,0
ground/gbrick,0,359.85,362.41,146.24,148.8,4,4,0
ground/gbrick,0,374.82,377.38,121.26,123.82,4,4,0
ground/gbrick,0,369.72,372.28,116.07,118.63,4,4,0
ground/gbrick,0,359.81,362.37,136.3,138.86,4,4,0
ground/gbrick,0,364.67,367.23,100.96,103.52,4,4,0
ground/gbrick,0,354.82,357.38,131.32,133.88,4,4,0
ground/gbrick,0,374.71,377.27,111.17,113.73,4,4,0
ground/gbrick,0,354.54,357.1,106,108.56,4,4,0
ground/gbrick,0,359.46,362.02,90.82,93.38,4,4,0
ground/gbrick,0,354.83,357.39,136.3,138.86,4,4,0
ground/gbrick,0,364.51,367.07,90.8,93.36,4,4,0
ground/gbrick,0,369.65,372.21,95.89,98.45,4,4,0
ground/gbrick,0,364.96,367.52,151.29,153.85,4,4,0
ground/gbrick,0,354.48,357.04,90.82,93.38,4,4,0
ground/gbrick,0,374.87,377.43,126.35,128.91,4,4,0
ground/gbrick,0,354.64,357.2,100.98,103.54,4,4,0
ground/gbrick,0,359.8,362.36,131.32,133.88,4,4,0
ground/gbrick,0,369.78,372.34,121.14,123.7,4,4,0
ground/gbrick,0,354.58,357.14,95.91,98.47,4,4,0
ground/gbrick,0,364.68,367.24,116.07,118.63,4,4,0
ground/gbrick,0,359.91,362.47,151.31,153.87,4,4,0
ground/gbrick,0,364.74,367.3,121.14,123.7,4,4,0
ground/gbrick,0,364.86,367.42,136.28,138.84,4,4,0
ground/gbrick,0,354.6,357.16,111.07,113.63,4,4,0
ground/gbrick,0,374.98,377.54,146.34,148.9,4,4,0
ground/gbrick,0,359.58,362.14,111.07,113.63,4,4,0
ground/gbrick,0,364.85,367.41,131.3,133.86,4,4,0
ground/gbrick,0,374.59,377.15,90.92,93.48,4,4,0
ground/gbrick,0,364.61,367.17,95.89,98.45,4,4,0
ground/gbrick,0,354.76,357.32,126.25,128.81,4,4,0
ground/gbrick,0,359.69,362.25,121.16,123.72,4,4,0
ground/gbrick,0,359.87,362.43,141.37,143.93,4,4,0
ground/gbrick,0,369.9,372.46,136.28,138.84,4,4,0
ground/gbrick,0,359.74,362.3,126.25,128.81,4,4,0
ground/gbrick,0,354.87,357.43,146.24,148.8,4,4,0
ground/gbrick,0,364.57,367.13,105.98,108.54,4,4,0
ground/gbrick,0,354.89,357.45,141.37,143.93,4,4,0
ground/gbrick,0,359.62,362.18,100.98,103.54,4,4,0
ground/gbrick,0,375.04,377.6,151.41,153.97,4,4,0
ground/gbrick,0,369.67,372.23,111.05,113.61,4,4,0
ground/gbrick,0,364.9,367.46,146.22,148.78,4,4,0
ground/gbrick,0,369.83,372.39,126.23,128.79,4,4,0
ground/gbrick,0,374.75,377.31,101.08,103.64,4,4,0
ground/gbrick,0,359.63,362.19,116.09,118.65,4,4,0
ground/gbrick,0,369.96,372.52,141.35,143.91,4,4,0
ground/gbrick,0,369.55,372.11,90.8,93.36,4,4,0
ground/gbrick,0,369.94,372.5,146.22,148.78,4,4,0
ground/gbrick,0,359.56,362.12,95.91,98.47,4,4,0
ground/gbrick,0,364.63,367.19,111.05,113.61,4,4,0
ground/gbrick,0,369.71,372.27,100.96,103.52,4,4,0
ground/gbrick,0,374.69,377.25,96.00999,98.56998,4,4,0
ground/gbrick,0,370,372.56,151.29,153.85,4,4,0
ground/gbrick,0,354.65,357.21,116.09,118.65,4,4,0
ground/gbrick,0,364.79,367.35,126.23,128.79,4,4,0
ground/gbrick,0,369.61,372.17,105.98,108.54,4,4,0
ground/gbrick,0,354.71,357.27,121.16,123.72,4,4,0
ground/gbrick,0,374.76,377.32,116.19,118.75,4,4,0
ground/gbrick,0,369.89,372.45,131.3,133.86,4,4,0
ground/gbrick,0,374.94,377.5,136.4,138.96,4,4,0
ground/gbrick,0,364.92,367.48,141.35,143.91,4,4,0
ground/gbrick,0,374.93,377.49,131.42,133.98,4,4,0
ground/gbrick,0,374.65,377.21,106.1,108.66,4,4,0
ground/gbrick,0,350.46,353.02,146.17,148.73,4,4,0
ground/gbrick,0,330.35,332.91,146.07,148.63,4,4,0
ground/gbrick,0,345.48,348.04,151.12,153.68,4,4,0
ground/gbrick,0,335.39,337.95,151.14,153.7,4,4,0
ground/gbrick,0,330.41,332.97,151.14,153.7,4,4,0
ground/gbrick,0,350.52,353.08,151.24,153.8,4,4,0
ground/gbrick,0,335.33,337.89,146.07,148.63,4,4,0
ground/gbrick,0,340.38,342.94,146.05,148.61,4,4,0
ground/gbrick,0,345.42,347.98,146.05,148.61,4,4,0
ground/gbrick,0,340.44,343,151.12,153.68,4,4,0
ground/gbrick,0,304.96,307.52,146.1,148.66,4,4,0
ground/gbrick,0,340.2,342.76,146.5,149.06,4,4,0
ground/gbrick,0,320.14,322.7,146.16,148.72,4,4,0
ground/gbrick,0,330.13,332.69,146.37,148.93,4,4,0
ground/gbrick,0,345.31,347.87,146.41,148.97,4,4,0
ground/gbrick,0,315.18,317.74,146.03,148.59,4,4,0
ground/gbrick,0,310.07,312.63,146.03,148.59,4,4,0
ground/gbrick,0,335.24,337.8,146.37,148.93,4,4,0
ground/gbrick,0,325.02,327.58,146.44,149,4,4,0
ground/gbrick,0,350.38,352.94,146.41,148.97,4,4,0
ground/gbrick,0,320.87,323.43,150.68,153.24,4,4,0
ground/gbrick,0,310.8,313.36,150.55,153.11,4,4,0
ground/gbrick,0,325.75,328.31,150.96,153.52,4,4,0
ground/gbrick,0,315.91,318.47,150.55,153.11,4,4,0
ground/gbrick,0,305.69,308.25,150.62,153.18,4,4,0
ground/gbrick,0,349.7,352.26,71.05,73.61,4,4,0
ground/gbrick,0,344.65,347.21,71.06999,73.62999,4,4,0
ground/gbrick,0,339.67,342.23,71.06999,73.62999,4,4,0
ground/gbrick,0,324.82,327.38,71.02,73.57999,4,4,0
ground/gbrick,0,334.85,337.41,71.00001,73.56001,4,4,0
ground/gbrick,0,329.8,332.36,71.02,73.57999,4,4,0
ground/gerter1,0,304.75,305.4796,154.89,156.6549,0.285,0.6894,0
ground/gerter1,0,304.806,305.5356,158.258,160.0229,0.285,0.6894,0
ground/gerter1,0,304.85,305.5796,161.494,163.2589,0.285,0.6894,0
ground/gerter1,0,304.903,305.6326,164.765,166.5299,0.285,0.6894,0
ground/gerter1,0,304.93,305.6596,167.93,169.6949,0.285,0.6894,0
ground/gerter1,0,304.997,305.7266,177.217,178.9819,0.285,0.6894,0
ground/gerter1,0,304.9,305.6296,170.71,172.4749,0.285,0.6894,0
ground/gerter1,0,305.024,305.7536,180.382,182.1469,0.285,0.6894,0
ground/gerter1,0,304.944,305.6736,173.946,175.7109,0.285,0.6894,0
ground/gerter1,0,305.067,305.7966,185.8796,187.457,0.285,0.6161857,0
ground/gerter1,0,305.04,305.7696,182.902,184.6669,0.285,0.6894,0
ground/gerter1,0,376.11,376.8396,162.132,163.8969,0.285,0.6894,0
ground/gerter1,0,376.3,377.0296,183.54,185.3049,0.285,0.6894,0
ground/gerter1,0,376.01,376.7396,155.528,157.2929,0.285,0.6894,0
ground/gerter1,0,376.066,376.7956,158.896,160.6609,0.285,0.6894,0
ground/gerter1,0,376.284,377.0136,181.02,182.7849,0.285,0.6894,0
ground/gerter1,0,376.204,376.9336,174.584,176.3489,0.285,0.6894,0
ground/gerter1,0,376.327,377.0566,186.5176,188.095,0.285,0.6161857,0
ground/gerter1,0,376.163,376.8926,165.403,167.1679,0.285,0.6894,0
ground/gerter1,0,376.257,376.9866,177.855,179.6199,0.285,0.6894,0
ground/gerter1,0,376.19,376.9196,168.568,170.3329,0.285,0.6894,0
ground/gerter1,0,376.16,376.8896,171.348,173.1129,0.285,0.6894,0
ground/gbrick,0,708.4401,711.0001,17.87,20.43,4,4,0
ground/gbrick,0,663.17,665.73,17.24,19.8,4,4,0
ground/gbrick,0,658.13,660.69,17.12,19.68,4,4,0
ground/gbrick,0,653.0901,655.6501,17.12,19.68,4,4,0
ground/gbrick,0,643.3301,645.8901,42.47,45.03,4,4,0
ground/gbrick,0,648.3301,650.8901,57.63,60.19,4,4,0
ground/gbrick,0,653.3201,655.8801,52.54,55.1,4,4,0
ground/gbrick,0,663.4601,666.0201,57.73,60.29,4,4,0
ground/gbrick,0,648.4401,651.0001,67.72,70.28,4,4,0
ground/gbrick,0,648.38,650.94,62.65,65.21,4,4,0
ground/gbrick,0,688.15,690.71,17.9,20.46,4,4,0
ground/gbrick,0,668.01,670.57,78.05,80.61,4,4,0
ground/gbrick,0,643.0601,645.6201,17.14,19.7,4,4,0
ground/gbrick,0,713.51,716.07,17.87,20.43,4,4,0
ground/gbrick,0,653.0901,655.6501,22.02,24.58,4,4,0
ground/gbrick,0,648.04,650.6,17.14,19.7,4,4,0
ground/gbrick,0,648.04,650.6,22.04,24.6,4,4,0
ground/gbrick,0,663.17,665.73,22.14,24.7,4,4,0
ground/gbrick,0,658.13,660.69,22.02,24.58,4,4,0
ground/gbrick,0,643.12,645.68,27.11,29.67,4,4,0
ground/gbrick,0,658.1901,660.7501,27.09,29.65,4,4,0
ground/gbrick,0,643.0601,645.6201,22.04,24.6,4,4,0
ground/gbrick,0,663.23,665.79,27.21,29.77,4,4,0
ground/gbrick,0,648.1001,650.6601,27.11,29.67,4,4,0
ground/gbrick,0,653.15,655.71,27.09,29.65,4,4,0
ground/gbrick,0,653.2001,655.7601,32.29,34.85,4,4,0
ground/gbrick,0,663.3401,665.9001,37.48,40.04,4,4,0
ground/gbrick,0,643.17,645.73,32.31,34.87,4,4,0
ground/gbrick,0,658.3,660.86,37.36,39.92,4,4,0
ground/gbrick,0,663.28,665.84,32.41,34.97,4,4,0
ground/gbrick,0,658.24,660.8,32.29,34.85,4,4,0
ground/gbrick,0,643.23,645.79,37.38,39.94,4,4,0
ground/gbrick,0,648.15,650.71,32.31,34.87,4,4,0
ground/gbrick,0,653.26,655.82,37.36,39.92,4,4,0
ground/gbrick,0,648.2101,650.7701,37.38,39.94,4,4,0
ground/gbrick,0,658.4601,661.0201,47.52,50.08,4,4,0
ground/gbrick,0,663.5,666.06,47.64,50.2,4,4,0
ground/gbrick,0,653.42,655.98,47.52,50.08,4,4,0
ground/gbrick,0,648.37,650.93,47.54,50.1,4,4,0
ground/gbrick,0,643.39,645.95,47.54,50.1,4,4,0
ground/gbrick,0,648.3101,650.8701,42.47,45.03,4,4,0
ground/gbrick,0,653.36,655.92,42.45,45.01,4,4,0
ground/gbrick,0,663.4401,666.0001,42.57,45.13,4,4,0
ground/gbrick,0,658.4,660.96,42.45,45.01,4,4,0
ground/gbrick,0,643.29,645.85,52.56,55.12,4,4,0
ground/gbrick,0,648.27,650.83,52.56,55.12,4,4,0
ground/gbrick,0,643.3501,645.9101,57.63,60.19,4,4,0
ground/gbrick,0,663.4,665.96,52.66,55.22,4,4,0
ground/gbrick,0,653.38,655.94,57.61,60.17,4,4,0
ground/gbrick,0,658.36,660.92,52.54,55.1,4,4,0
ground/gbrick,0,658.42,660.98,57.61,60.17,4,4,0
ground/gbrick,0,653.4301,655.9901,62.63,65.19,4,4,0
ground/gbrick,0,663.5701,666.1301,67.82,70.38,4,4,0
ground/gbrick,0,658.4701,661.0301,62.63,65.19,4,4,0
ground/gbrick,0,643.4,645.96,62.65,65.21,4,4,0
ground/gbrick,0,653.49,656.05,67.7,70.25999,4,4,0
ground/gbrick,0,648.49,651.05,72.81001,75.37001,4,4,0
ground/gbrick,0,643.4601,646.0201,67.72,70.28,4,4,0
ground/gbrick,0,663.51,666.07,62.75,65.31,4,4,0
ground/gbrick,0,658.53,661.09,67.7,70.25999,4,4,0
ground/gbrick,0,648.55,651.11,77.88,80.43999,4,4,0
ground/gbrick,0,653.54,656.1,72.79,75.35,4,4,0
ground/gbrick,0,643.51,646.07,72.81001,75.37001,4,4,0
ground/gbrick,0,653.6001,656.1601,77.86001,80.42001,4,4,0
ground/gbrick,0,663.62,666.18,72.91,75.47,4,4,0
ground/gbrick,0,643.5701,646.1301,77.88,80.43999,4,4,0
ground/gbrick,0,663.6801,666.2401,77.98,80.54,4,4,0
ground/gbrick,0,658.5801,661.1401,72.79,75.35,4,4,0
ground/gbrick,0,658.64,661.2,77.86001,80.42001,4,4,0
ground/gbrick,0,703.33,705.89,17.96,20.52,4,4,0
ground/gbrick,0,698.37,700.93,17.83,20.39,4,4,0
ground/gbrick,0,693.26,695.82,17.83,20.39,4,4,0
ground/gbrick,0,668.09,670.65,17.56,20.12,4,4,0
ground/gbrick,0,683.27,685.83,17.62,20.18,4,4,0
ground/gbrick,0,678.31,680.87,17.49,20.05,4,4,0
ground/gbrick,0,673.2,675.76,17.49,20.05,4,4,0
ground/gbrick,0,692.8901,695.4501,78.08001,80.64001,4,4,0
ground/gbrick,0,687.84,690.4,78.1,80.66,4,4,0
ground/gbrick,0,682.86,685.42,78.1,80.66,4,4,0
ground/gbrick,0,678.04,680.6,78.03001,80.59,4,4,0
ground/gbrick,0,672.99,675.55,78.05,80.61,4,4,0
ground/gbrick,0,643.4501,646.0101,12.07,14.63,4,4,0
ground/gbrick,0,703.72,706.28,12.89,15.45,4,4,0
ground/gbrick,0,698.76,701.32,12.76,15.32,4,4,0
ground/gbrick,0,693.65,696.21,12.76,15.32,4,4,0
ground/gbrick,0,668.48,671.04,12.49,15.05,4,4,0
ground/gbrick,0,683.66,686.22,12.55,15.11,4,4,0
ground/gbrick,0,673.59,676.15,12.42,14.98,4,4,0
ground/gbrick,0,708.8301,711.3901,12.8,15.36,4,4,0
ground/gbrick,0,713.9,716.46,12.8,15.36,4,4,0
ground/gbrick,0,663.5601,666.1201,12.17,14.73,4,4,0
ground/gbrick,0,658.52,661.08,12.05,14.61,4,4,0
ground/gbrick,0,653.4801,656.0401,12.05,14.61,4,4,0
ground/gbrick,0,648.4301,650.9901,12.07,14.63,4,4,0
ground/gbrick,0,688.54,691.1,12.83,15.39,4,4,0
ground/gbrick,0,678.7,681.26,12.42,14.98,4,4,0
ground/gbrick,0,643.2601,645.8201,7.39,9.95,4,4,0
ground/gbrick,0,708.6401,711.2001,8.12,10.68,4,4,0
ground/gbrick,0,713.7101,716.2701,8.12,10.68,4,4,0
ground/gbrick,0,663.3701,665.9301,7.490003,10.05,4,4,0
ground/gbrick,0,688.3501,690.9101,8.150002,10.71,4,4,0
ground/gbrick,0,658.3301,660.8901,7.37,9.93,4,4,0
ground/gbrick,0,653.2902,655.8502,7.37,9.93,4,4,0
ground/gbrick,0,648.2401,650.8001,7.39,9.95,4,4,0
ground/gbrick,0,703.53,706.09,8.21,10.77,4,4,0
ground/gbrick,0,698.5701,701.1301,8.080001,10.64,4,4,0
ground/gbrick,0,693.4601,696.0201,8.080001,10.64,4,4,0
ground/gbrick,0,668.29,670.85,7.810002,10.37,4,4,0
ground/gbrick,0,683.4701,686.0301,7.87,10.43,4,4,0
ground/gbrick,0,673.4,675.96,7.740001,10.3,4,4,0
ground/gbrick,0,678.5101,681.0701,7.740001,10.3,4,4,0
ground/gbrick,0,648.44,651,2.420001,4.980001,4,4,0
ground/gbrick,0,703.7299,706.2899,3.24,5.8,4,4,0
ground/gbrick,0,698.77,701.33,3.110001,5.670001,4,4,0
ground/gbrick,0,693.66,696.22,3.110001,5.670001,4,4,0
ground/gbrick,0,668.4899,671.0499,2.840003,5.400003,4,4,0
ground/gbrick,0,683.67,686.23,2.9,5.46,4,4,0
ground/gbrick,0,643.46,646.02,2.420001,4.980001,4,4,0
ground/gbrick,0,708.84,711.4,3.15,5.71,4,4,0
ground/gbrick,0,713.91,716.47,3.15,5.71,4,4,0
ground/gbrick,0,663.57,666.13,2.520003,5.080003,4,4,0
ground/gbrick,0,658.53,661.09,2.4,4.96,4,4,0
ground/gbrick,0,653.4901,656.0501,2.4,4.96,4,4,0
ground/gbrick,0,688.55,691.11,3.180003,5.740003,4,4,0
ground/gbrick,0,673.5999,676.1599,2.770001,5.330001,4,4,0
ground/gbrick,0,678.71,681.27,2.770001,5.330001,4,4,0
ground/gbrick,0,643.2601,645.8201,-2.650002,-0.09000206,4,4,0
ground/gbrick,0,708.6401,711.2001,-1.920002,0.639998,4,4,0
ground/gbrick,0,713.71,716.27,-1.920002,0.639998,4,4,0
ground/gbrick,0,663.3701,665.9301,-2.55,0.00999999,4,4,0
ground/gbrick,0,658.33,660.89,-2.670002,-0.110002,4,4,0
ground/gbrick,0,653.2901,655.8501,-2.670002,-0.110002,4,4,0
ground/gbrick,0,648.2401,650.8001,-2.650002,-0.09000206,4,4,0
ground/gbrick,0,703.53,706.09,-1.830002,0.729998,4,4,0
ground/gbrick,0,698.57,701.13,-1.960001,0.599999,4,4,0
ground/gbrick,0,693.46,696.02,-1.960001,0.599999,4,4,0
ground/gbrick,0,688.35,690.91,-1.89,0.67,4,4,0
ground/gbrick,0,668.29,670.85,-2.23,0.3299999,4,4,0
ground/gbrick,0,683.47,686.03,-2.170002,0.389998,4,4,0
ground/gbrick,0,673.4,675.96,-2.300002,0.2599978,4,4,0
ground/gbrick,0,678.51,681.07,-2.300002,0.2599978,4,4,0
ground/gbrick,0,623.3,625.86,-1.429998,1.130002,4,4,0
ground/gbrick,0,638.43,640.99,-1.33,1.23,4,4,0
ground/gbrick,0,633.39,635.95,-1.449999,1.110001,4,4,0
ground/gbrick,0,618.32,620.88,-1.429998,1.130002,4,4,0
ground/gbrick,0,633.45,636.01,3.620001,6.180001,4,4,0
ground/gbrick,0,638.4899,641.0499,3.74,6.3,4,4,0
ground/gbrick,0,623.36,625.92,3.640001,6.200001,4,4,0
ground/gbrick,0,628.41,630.97,3.620001,6.180001,4,4,0
ground/gbrick,0,628.46,631.02,8.820002,11.38,4,4,0
ground/gbrick,0,638.6,641.16,14.01,16.57,4,4,0
ground/gbrick,0,633.56,636.12,13.89,16.45,4,4,0
ground/gbrick,0,638.54,641.1,8.940001,11.5,4,4,0
ground/gbrick,0,618.4899,621.0499,13.91,16.47,4,4,0
ground/gbrick,0,623.41,625.97,8.840002,11.4,4,4,0
ground/gbrick,0,628.52,631.08,13.89,16.45,4,4,0
ground/gbrick,0,623.47,626.03,13.91,16.47,4,4,0
ground/gbrick,0,638.7599,641.3199,24.17,26.73,4,4,0
ground/gbrick,0,628.68,631.24,24.05,26.61,4,4,0
ground/gbrick,0,623.6299,626.1899,24.07,26.63,4,4,0
ground/gbrick,0,618.65,621.21,24.07,26.63,4,4,0
ground/gbrick,0,623.57,626.13,19,21.56,4,4,0
ground/gbrick,0,628.6199,631.1799,18.98,21.54,4,4,0
ground/gbrick,0,633.66,636.22,18.98,21.54,4,4,0
ground/gbrick,0,638.7,641.26,19.1,21.66,4,4,0
ground/gbrick,0,618.55,621.11,29.09,31.65,4,4,0
ground/gbrick,0,623.53,626.09,29.09,31.65,4,4,0
ground/gbrick,0,618.61,621.17,34.16,36.72,4,4,0
ground/gbrick,0,628.64,631.2,34.14,36.7,4,4,0
ground/gbrick,0,633.6199,636.1799,29.07,31.63,4,4,0
ground/gbrick,0,633.73,636.29,39.16,41.72,4,4,0
ground/gbrick,0,618.66,621.22,39.18,41.74,4,4,0
ground/gbrick,0,628.7499,631.3099,44.23,46.79,4,4,0
ground/gbrick,0,638.77,641.33,39.28,41.84,4,4,0
ground/gbrick,0,633.79,636.35,44.23,46.79,4,4,0
ground/gbrick,0,623.81,626.37,54.41,56.97,4,4,0
ground/gbrick,0,628.8,631.36,49.32,51.88,4,4,0
ground/gbrick,0,618.77,621.33,49.34,51.9,4,4,0
ground/gbrick,0,628.86,631.42,54.39001,56.95001,4,4,0
ground/gbrick,0,618.83,621.39,54.41,56.97,4,4,0
ground/gbrick,0,638.94,641.5,54.51,57.07,4,4,0
ground/gbrick,0,633.84,636.4,49.32,51.88,4,4,0
ground/gbrick,0,633.9,636.46,54.39001,56.95001,4,4,0
ground/gbrick,0,623.82,626.38,59.39001,61.95001,4,4,0
ground/gbrick,0,618.84,621.4,59.39001,61.95001,4,4,0
ground/gbrick,0,628.8699,631.4299,59.37,61.93,4,4,0
ground/gbrick,0,628.35,630.91,-1.449999,1.110001,4,4,0
ground/gbrick,0,618.3799,620.9399,3.640001,6.200001,4,4,0
ground/gbrick,0,618.43,620.99,8.840002,11.4,4,4,0
ground/gbrick,0,633.4999,636.0599,8.820002,11.38,4,4,0
ground/gbrick,0,633.72,636.28,24.05,26.61,4,4,0
ground/gbrick,0,618.59,621.15,19,21.56,4,4,0
ground/gbrick,0,623.59,626.15,34.16,36.72,4,4,0
ground/gbrick,0,638.66,641.22,29.19,31.75,4,4,0
ground/gbrick,0,628.58,631.14,29.07,31.63,4,4,0
ground/gbrick,0,638.72,641.28,34.26,36.82,4,4,0
ground/gbrick,0,623.7,626.26,44.25,46.81,4,4,0
ground/gbrick,0,623.64,626.2,39.18,41.74,4,4,0
ground/gbrick,0,638.83,641.39,44.35,46.91,4,4,0
ground/gbrick,0,628.69,631.25,39.16,41.72,4,4,0
ground/gbrick,0,633.68,636.24,34.14,36.7,4,4,0
ground/gbrick,0,618.72,621.28,44.25,46.81,4,4,0
ground/gbrick,0,623.7499,626.3099,49.34,51.9,4,4,0
ground/gbrick,0,638.8799,641.4399,49.44,52,4,4,0
ground/gbrick,0,638.95,641.51,59.48999,62.04999,4,4,0
ground/gbrick,0,633.91,636.47,59.37,61.93,4,4,0
ground/gbrick,0,633.9401,636.5001,64.09,66.64999,4,4,0
ground/gbrick,0,618.87,621.43,64.11,66.67,4,4,0
ground/gbrick,0,628.96,631.52,69.16,71.72,4,4,0
ground/gbrick,0,638.98,641.54,64.20999,66.76999,4,4,0
ground/gbrick,0,618.9301,621.4901,69.18,71.74,4,4,0
ground/gbrick,0,634,636.56,69.16,71.72,4,4,0
ground/gbrick,0,624.17,626.73,77.63,80.18999,4,4,0
ground/gbrick,0,629.01,631.57,74.25,76.81,4,4,0
ground/gbrick,0,618.98,621.54,74.27,76.82999,4,4,0
ground/gbrick,0,629.22,631.78,77.61,80.17,4,4,0
ground/gbrick,0,619.19,621.75,77.63,80.18999,4,4,0
ground/gbrick,0,639.15,641.71,77.68,80.24,4,4,0
ground/gbrick,0,634.05,636.61,74.25,76.81,4,4,0
ground/gbrick,0,634.2599,636.8199,77.61,80.17,4,4,0
ground/gbrick,0,639.04,641.6,69.28,71.84,4,4,0
ground/gbrick,0,628.9,631.46,64.09,66.64999,4,4,0
ground/gbrick,0,623.91,626.47,69.18,71.74,4,4,0
ground/gbrick,0,623.85,626.41,64.11,66.67,4,4,0
ground/gbrick,0,623.96,626.52,74.27,76.82999,4,4,0
ground/gbrick,0,639.09,641.65,74.37,76.93,4,4,0
ground/gbrick,0,663.3401,665.9001,96.20999,98.76999,4,4,0
ground/gbrick,0,658.3,660.86,96.09,98.64999,4,4,0
ground/gbrick,0,663.5,666.06,106.37,108.93,4,4,0
ground/gbrick,0,653.42,655.98,106.25,108.81,4,4,0
ground/gbrick,0,653.36,655.92,101.18,103.74,4,4,0
ground/gbrick,0,658.4,660.96,101.18,103.74,4,4,0
ground/gbrick,0,663.4401,666.0001,101.3,103.86,4,4,0
ground/gbrick,0,643.29,645.85,111.29,113.85,4,4,0
ground/gbrick,0,648.27,650.83,111.29,113.85,4,4,0
ground/gbrick,0,643.3501,645.9101,116.36,118.92,4,4,0
ground/gbrick,0,663.4,665.96,111.39,113.95,4,4,0
ground/gbrick,0,653.38,655.94,116.34,118.9,4,4,0
ground/gbrick,0,658.36,660.92,111.27,113.83,4,4,0
ground/gbrick,0,658.4701,661.0301,121.36,123.92,4,4,0
ground/gbrick,0,643.4,645.96,121.38,123.94,4,4,0
ground/gbrick,0,653.49,656.05,126.43,128.99,4,4,0
ground/gbrick,0,663.51,666.07,121.48,124.04,4,4,0
ground/gbrick,0,658.53,661.09,126.43,128.99,4,4,0
ground/gbrick,0,648.55,651.11,136.61,139.17,4,4,0
ground/gbrick,0,653.54,656.1,131.52,134.08,4,4,0
ground/gbrick,0,643.51,646.07,131.54,134.1,4,4,0
ground/gbrick,0,653.6001,656.1601,136.59,139.15,4,4,0
ground/gbrick,0,643.5701,646.1301,136.61,139.17,4,4,0
ground/gbrick,0,663.6801,666.2401,136.71,139.27,4,4,0
ground/gbrick,0,658.5801,661.1401,131.52,134.08,4,4,0
ground/gbrick,0,658.64,661.2,136.59,139.15,4,4,0
ground/gbrick,0,648.5601,651.1201,141.59,144.15,4,4,0
ground/gbrick,0,643.5801,646.1401,141.59,144.15,4,4,0
ground/gbrick,0,653.61,656.17,141.57,144.13,4,4,0
ground/gbrick,0,623.91,626.47,127.91,130.47,4,4,0
ground/gbrick,0,623.85,626.41,122.84,125.4,4,4,0
ground/gbrick,0,623.96,626.52,133,135.56,4,4,0
ground/gbrick,0,639.09,641.65,133.1,135.66,4,4,0
ground/gbrick,0,658.4601,661.0201,106.25,108.81,4,4,0
ground/gbrick,0,648.3301,650.8901,116.36,118.92,4,4,0
ground/gbrick,0,653.3201,655.8801,111.27,113.83,4,4,0
ground/gbrick,0,658.42,660.98,116.34,118.9,4,4,0
ground/gbrick,0,663.4601,666.0201,116.46,119.02,4,4,0
ground/gbrick,0,648.4401,651.0001,126.45,129.01,4,4,0
ground/gbrick,0,648.38,650.94,121.38,123.94,4,4,0
ground/gbrick,0,663.5701,666.1301,126.55,129.11,4,4,0
ground/gbrick,0,653.4301,655.9901,121.36,123.92,4,4,0
ground/gbrick,0,643.4601,646.0201,126.45,129.01,4,4,0
ground/gbrick,0,648.49,651.05,131.54,134.1,4,4,0
ground/gbrick,0,663.62,666.18,131.64,134.2,4,4,0
ground/gbrick,0,663.6901,666.2501,141.69,144.25,4,4,0
ground/gbrick,0,658.65,661.21,141.57,144.13,4,4,0
ground/gbrick,0,623.81,626.37,113.14,115.7,4,4,0
ground/gbrick,0,628.8,631.36,108.05,110.61,4,4,0
ground/gbrick,0,623.7499,626.3099,108.07,110.63,4,4,0
ground/gbrick,0,618.77,621.33,108.07,110.63,4,4,0
ground/gbrick,0,628.86,631.42,113.12,115.68,4,4,0
ground/gbrick,0,618.83,621.39,113.14,115.7,4,4,0
ground/gbrick,0,638.8799,641.4399,108.17,110.73,4,4,0
ground/gbrick,0,638.94,641.5,113.24,115.8,4,4,0
ground/gbrick,0,633.84,636.4,108.05,110.61,4,4,0
ground/gbrick,0,633.9,636.46,113.12,115.68,4,4,0
ground/gbrick,0,638.95,641.51,118.22,120.78,4,4,0
ground/gbrick,0,623.82,626.38,118.12,120.68,4,4,0
ground/gbrick,0,618.84,621.4,118.12,120.68,4,4,0
ground/gbrick,0,628.8699,631.4299,118.1,120.66,4,4,0
ground/gbrick,0,633.91,636.47,118.1,120.66,4,4,0
ground/gbrick,0,633.9401,636.5001,122.82,125.38,4,4,0
ground/gbrick,0,628.9,631.46,122.82,125.38,4,4,0
ground/gbrick,0,639.04,641.6,128.01,130.57,4,4,0
ground/gbrick,0,618.87,621.43,122.84,125.4,4,4,0
ground/gbrick,0,628.96,631.52,127.89,130.45,4,4,0
ground/gbrick,0,638.98,641.54,122.94,125.5,4,4,0
ground/gbrick,0,618.9301,621.4901,127.91,130.47,4,4,0
ground/gbrick,0,634,636.56,127.89,130.45,4,4,0
ground/gbrick,0,624.02,626.58,138.07,140.63,4,4,0
ground/gbrick,0,629.01,631.57,132.98,135.54,4,4,0
ground/gbrick,0,618.98,621.54,133,135.56,4,4,0
ground/gbrick,0,629.0701,631.6301,138.05,140.61,4,4,0
ground/gbrick,0,619.04,621.6,138.07,140.63,4,4,0
ground/gbrick,0,639.15,641.71,138.17,140.73,4,4,0
ground/gbrick,0,634.05,636.61,132.98,135.54,4,4,0
ground/gbrick,0,634.11,636.67,138.05,140.61,4,4,0
ground/gbrick,0,639.16,641.72,143.15,145.71,4,4,0
ground/gbrick,0,624.03,626.59,143.05,145.61,4,4,0
ground/gbrick,0,619.05,621.61,143.05,145.61,4,4,0
ground/gbrick,0,629.08,631.64,143.03,145.59,4,4,0
ground/gbrick,0,634.12,636.68,143.03,145.59,4,4,0
ground/gbrick,0,648.9901,651.5501,151.09,153.65,4,4,0
ground/gbrick,0,648.93,651.49,146.02,148.58,4,4,0
ground/gbrick,0,639.59,642.15,152.65,155.21,4,4,0
ground/gbrick,0,619.42,621.98,147.48,150.04,4,4,0
ground/gbrick,0,629.5099,632.0699,152.53,155.09,4,4,0
ground/gbrick,0,639.53,642.09,147.58,150.14,4,4,0
ground/gbrick,0,619.48,622.04,152.55,155.11,4,4,0
ground/gbrick,0,634.55,637.11,152.53,155.09,4,4,0
ground/gbrick,0,624.57,627.13,162.71,165.27,4,4,0
ground/gbrick,0,629.56,632.12,157.62,160.18,4,4,0
ground/gbrick,0,619.53,622.09,157.64,160.2,4,4,0
ground/gbrick,0,629.6201,632.1801,162.69,165.25,4,4,0
ground/gbrick,0,619.59,622.15,162.71,165.27,4,4,0
ground/gbrick,0,639.7,642.26,162.81,165.37,4,4,0
ground/gbrick,0,634.6,637.16,157.62,160.18,4,4,0
ground/gbrick,0,634.66,637.22,162.69,165.25,4,4,0
ground/gbrick,0,624.58,627.14,167.69,170.25,4,4,0
ground/gbrick,0,619.6,622.16,167.69,170.25,4,4,0
ground/gbrick,0,664.1201,666.6801,151.19,153.75,4,4,0
ground/gbrick,0,659.0201,661.5801,146,148.56,4,4,0
ground/gbrick,0,653.98,656.54,146,148.56,4,4,0
ground/gbrick,0,643.95,646.51,146.02,148.58,4,4,0
ground/gbrick,0,654.04,656.6,151.07,153.63,4,4,0
ground/gbrick,0,664.06,666.62,146.12,148.68,4,4,0
ground/gbrick,0,644.0101,646.5701,151.09,153.65,4,4,0
ground/gbrick,0,659.08,661.64,151.07,153.63,4,4,0
ground/gbrick,0,649.1,651.66,161.25,163.81,4,4,0
ground/gbrick,0,654.09,656.65,156.16,158.72,4,4,0
ground/gbrick,0,649.04,651.6,156.18,158.74,4,4,0
ground/gbrick,0,644.06,646.62,156.18,158.74,4,4,0
ground/gbrick,0,654.1501,656.7101,161.23,163.79,4,4,0
ground/gbrick,0,644.1201,646.6801,161.25,163.81,4,4,0
ground/gbrick,0,664.17,666.73,156.28,158.84,4,4,0
ground/gbrick,0,664.23,666.79,161.35,163.91,4,4,0
ground/gbrick,0,659.1301,661.6901,156.16,158.72,4,4,0
ground/gbrick,0,659.19,661.75,161.23,163.79,4,4,0
ground/gbrick,0,664.2401,666.8001,166.33,168.89,4,4,0
ground/gbrick,0,649.11,651.67,166.23,168.79,4,4,0
ground/gbrick,0,644.1301,646.6901,166.23,168.79,4,4,0
ground/gbrick,0,654.16,656.72,166.21,168.77,4,4,0
ground/gbrick,0,624.46,627.02,152.55,155.11,4,4,0
ground/gbrick,0,624.4,626.96,147.48,150.04,4,4,0
ground/gbrick,0,634.4901,637.0501,147.46,150.02,4,4,0
ground/gbrick,0,629.45,632.01,147.46,150.02,4,4,0
ground/gbrick,0,659.2,661.76,166.21,168.77,4,4,0
ground/gbrick,0,624.5099,627.0699,157.64,160.2,4,4,0
ground/gbrick,0,639.64,642.2,157.74,160.3,4,4,0
ground/gbrick,0,639.71,642.27,167.79,170.35,4,4,0
ground/gbrick,0,629.6299,632.1899,167.67,170.23,4,4,0
ground/gbrick,0,634.67,637.23,167.67,170.23,4,4,0
ground/gbrick,0,649.92,652.48,175.19,177.75,4,4,0
ground/gbrick,0,644.88,647.44,170.12,172.68,4,4,0
ground/gbrick,0,654.9701,657.5301,175.17,177.73,4,4,0
ground/gbrick,0,644.9401,647.5001,175.19,177.75,4,4,0
ground/gbrick,0,664.99,667.55,170.22,172.78,4,4,0
ground/gbrick,0,649.9301,652.4901,180.17,182.73,4,4,0
ground/gbrick,0,644.9501,647.5101,180.17,182.73,4,4,0
ground/gbrick,0,654.98,657.54,180.15,182.71,4,4,0
ground/gbrick,0,660.02,662.58,180.15,182.71,4,4,0
ground/gbrick,0,625.33,627.89,171.58,174.14,4,4,0
ground/gbrick,0,640.46,643.02,171.68,174.24,4,4,0
ground/gbrick,0,640.53,643.09,181.73,184.29,4,4,0
ground/gbrick,0,630.45,633.01,181.61,184.17,4,4,0
ground/gbrick,0,654.91,657.47,170.1,172.66,4,4,0
ground/gbrick,0,649.86,652.42,170.12,172.68,4,4,0
ground/gbrick,0,665.05,667.61,175.29,177.85,4,4,0
ground/gbrick,0,659.9501,662.5101,170.1,172.66,4,4,0
ground/gbrick,0,660.01,662.57,175.17,177.73,4,4,0
ground/gbrick,0,665.0601,667.6201,180.27,182.83,4,4,0
ground/gbrick,0,625.39,627.95,176.65,179.21,4,4,0
ground/gbrick,0,630.38,632.94,171.56,174.12,4,4,0
ground/gbrick,0,620.35,622.91,171.58,174.14,4,4,0
ground/gbrick,0,630.4401,633.0001,176.63,179.19,4,4,0
ground/gbrick,0,620.41,622.97,176.65,179.21,4,4,0
ground/gbrick,0,640.52,643.08,176.75,179.31,4,4,0
ground/gbrick,0,635.42,637.98,171.56,174.12,4,4,0
ground/gbrick,0,635.48,638.04,176.63,179.19,4,4,0
ground/gbrick,0,625.4,627.96,181.63,184.19,4,4,0
ground/gbrick,0,620.42,622.98,181.63,184.19,4,4,0
ground/gbrick,0,635.49,638.05,181.61,184.17,4,4,0
ground/gbrick,0,625.7,628.26,186.9,189.46,4,4,0
ground/gbrick,0,620.72,623.28,186.9,189.46,4,4,0
ground/gbrick,0,635.79,638.35,186.88,189.44,4,4,0
ground/gbrick,0,665.36,667.92,185.54,188.1,4,4,0
ground/gbrick,0,650.23,652.79,185.44,188,4,4,0
ground/gbrick,0,645.2501,647.8101,185.44,188,4,4,0
ground/gbrick,0,655.28,657.84,185.42,187.98,4,4,0
ground/gbrick,0,660.32,662.88,185.42,187.98,4,4,0
ground/gbrick,0,640.83,643.39,187,189.56,4,4,0
ground/gbrick,0,630.7499,633.3099,186.88,189.44,4,4,0
ground/gbrick,0,699.02,701.58,174.3,176.86,4,4,0
ground/gbrick,0,704.01,706.57,169.21,171.77,4,4,0
ground/gbrick,0,693.98,696.54,169.23,171.79,4,4,0
ground/gbrick,0,704.0701,706.6301,174.28,176.84,4,4,0
ground/gbrick,0,694.04,696.6,174.3,176.86,4,4,0
ground/gbrick,0,714.15,716.71,174.4,176.96,4,4,0
ground/gbrick,0,674.49,677.05,175.76,178.32,4,4,0
ground/gbrick,0,679.48,682.04,170.67,173.23,4,4,0
ground/gbrick,0,669.45,672.01,170.69,173.25,4,4,0
ground/gbrick,0,679.54,682.1,175.74,178.3,4,4,0
ground/gbrick,0,669.51,672.07,175.76,178.32,4,4,0
ground/gbrick,0,689.62,692.18,175.86,178.42,4,4,0
ground/gbrick,0,684.52,687.08,170.67,173.23,4,4,0
ground/gbrick,0,684.58,687.14,175.74,178.3,4,4,0
ground/gbrick,0,674.5,677.06,180.74,183.3,4,4,0
ground/gbrick,0,669.52,672.08,180.74,183.3,4,4,0
ground/gbrick,0,684.59,687.15,180.72,183.28,4,4,0
ground/gbrick,0,714.46,717.02,184.65,187.21,4,4,0
ground/gbrick,0,699.33,701.89,184.55,187.11,4,4,0
ground/gbrick,0,694.35,696.91,184.55,187.11,4,4,0
ground/gbrick,0,704.3799,706.9399,184.53,187.09,4,4,0
ground/gbrick,0,709.42,711.98,184.53,187.09,4,4,0
ground/gbrick,0,679.8499,682.4099,185.99,188.55,4,4,0
ground/gbrick,0,689.38,691.94,185.93,188.49,4,4,0
ground/gbrick,0,698.96,701.52,169.23,171.79,4,4,0
ground/gbrick,0,714.09,716.65,169.33,171.89,4,4,0
ground/gbrick,0,709.05,711.61,169.21,171.77,4,4,0
ground/gbrick,0,709.11,711.67,174.28,176.84,4,4,0
ground/gbrick,0,714.16,716.72,179.38,181.94,4,4,0
ground/gbrick,0,699.03,701.59,179.28,181.84,4,4,0
ground/gbrick,0,694.05,696.61,179.28,181.84,4,4,0
ground/gbrick,0,704.08,706.64,179.26,181.82,4,4,0
ground/gbrick,0,709.12,711.68,179.26,181.82,4,4,0
ground/gbrick,0,674.4299,676.9899,170.69,173.25,4,4,0
ground/gbrick,0,689.5599,692.1199,170.79,173.35,4,4,0
ground/gbrick,0,689.63,692.19,180.84,183.4,4,4,0
ground/gbrick,0,679.5499,682.1099,180.72,183.28,4,4,0
ground/gbrick,0,674.8,677.36,186.01,188.57,4,4,0
ground/gbrick,0,669.82,672.38,186.01,188.57,4,4,0
ground/gbrick,0,684.89,687.45,185.99,188.55,4,4,0
ground/gbrick,0,693.48,696.04,73.17001,75.73001,4,4,0
ground/gbrick,0,688.4299,690.9899,73.19,75.75,4,4,0
ground/gbrick,0,683.45,686.01,73.19,75.75,4,4,0
ground/gbrick,0,678.6299,681.1899,73.12002,75.68002,4,4,0
ground/gbrick,0,673.5799,676.1399,73.14001,75.7,4,4,0
ground/gbrick,0,668.5999,671.1599,73.14001,75.7,4,4,0
ground/gbrick,0,721.7301,724.2901,78.08001,80.64001,4,4,0
ground/gbrick,0,716.6801,719.2401,78.1,80.66,4,4,0
ground/gbrick,0,711.7001,714.2601,78.1,80.66,4,4,0
ground/gbrick,0,706.88,709.44,78.03001,80.59,4,4,0
ground/gbrick,0,701.83,704.39,78.05,80.61,4,4,0
ground/gbrick,0,697.4399,699.9999,73.14001,75.7,4,4,0
ground/gbrick,0,696.85,699.41,78.05,80.61,4,4,0
ground/gbrick,0,722.32,724.88,73.17001,75.73001,4,4,0
ground/gbrick,0,717.27,719.83,73.19,75.75,4,4,0
ground/gbrick,0,712.29,714.85,73.19,75.75,4,4,0
ground/gbrick,0,707.4699,710.0299,73.12002,75.68002,4,4,0
ground/gbrick,0,702.4199,704.9799,73.14001,75.7,4,4,0
ground/gbrick,0,648.37,650.93,106.27,108.83,4,4,0
ground/gbrick,0,643.39,645.95,106.27,108.83,4,4,0
ground/gai/cacti_lad,0,695.1716,695.8116,21.39338,22.03338,1,1,0
ground/airport,0,0,1000,0,2.56
#leftmost
ground/gbrick,0,-25,0,0,200
#rightmost
ground/gbrick,0,1000,1080,0,200
#topmost
ground/gbrick,0,-15,1090,190,200
#BOTTOM
ground/gbrick,0,-15,1090,-20,-2
